          40
 Point           5
 
C       0.00000   0     0.00000   0     0.00000   0     0   0   0
C       1.20738   1     0.00000   0     0.00000   0     1   0   0
C       1.41609   1   179.93325   1     0.00000   0     2   1   0
C       1.41647   1   120.86815   1  -230.96649   1     3   2   1
C       1.41362   1   120.92970   1   -51.25863   1     3   2   1
C       1.36996   1   121.13152   1  -179.95487   1     4   3   2
H       1.08344   1   118.98708   1     0.83726   1     4   3   2
C       1.37102   1   121.23887   1  -179.72898   1     5   3   2
H       1.08347   1   118.97405   1     0.85617   1     5   3   2
C       1.41880   1   120.25131   1    -0.84140   1     8   5   3
H       1.08320   1   120.14709   1  -178.05360   1     6   4   3
H       1.08269   1   120.33235   1  -178.77573   1     8   5   3
N       1.39371   1   120.22502   1  -176.97225   1    10   8   5
C       1.39370   1   119.35600   1   -37.37682   1    13  10   8
C       1.41836   1   120.72328   1   138.24526   1    14  13  10
C       1.41880   1   120.22576   1   -37.37827   1    14  13  10
C       1.36996   1   120.35335   1  -176.73832   1    15  14  13
H       1.08321   1   119.47772   1     1.54590   1    15  14  13
C       1.37103   1   120.25185   1  -182.91362   1    16  14  13
H       1.08270   1   119.38350   1    -4.95977   1    16  14  13
C       1.41361   1   121.23832   1    -0.84197   1    19  16  14
C       1.41610   1   120.92948   1  -179.72858   1    21  19  16
H       1.08346   1   119.78453   1   178.56878   1    19  16  14
C       1.20737   1   179.93295   1   -51.27310   1    22  21  19
C       1.39388   1   120.32196   1   142.62260   1    13  10   8
C       1.40805   1   120.47077   1   -33.95402   1    25  13  10
C       1.40805   1   120.47011   1   146.04594   1    25  13  10
C       1.37551   1   120.26113   1  -179.92363   1    26  25  13
H       1.08233   1   119.37651   1    -1.47807   1    26  25  13
C       1.37551   1   120.26127   1  -179.92399   1    27  25  13
H       1.08233   1   119.37629   1    -1.47877   1    27  25  13
C       1.40598   1   120.93816   1    -0.15311   1    28  26  25
H       1.08328   1   119.85665   1   179.13925   1    28  26  25
H       1.08328   1   119.85649   1   179.13932   1    30  27  25
C       1.42320   1   120.72912   1  -179.92274   1    32  28  26
C       1.20383   1   179.99987   1   -45.77205   1    35  32  28
H       1.08343   1   119.87719   1   179.41980   1    17  15  14
H       1.06648   1   179.95098   1   156.91255   1     1   2   3
H       1.06648   1   179.95107   1   156.63069   1    24  22  21
H       1.06692   1   179.99911   1   227.84086   1    36  32  28
