          40
 Point           2
 
C       0.00000   0     0.00000   0     0.00000   0     0   0   0
C       1.20660   1     0.00000   0     0.00000   0     1   0   0
C       1.41764   1   179.97935   1     0.00000   0     2   1   0
C       1.41331   1   120.84608   1  -164.34244   1     3   2   1
C       1.41256   1   120.86702   1    15.58842   1     3   2   1
C       1.37157   1   121.10618   1  -179.88641   1     4   3   2
H       1.08340   1   119.03477   1     0.84567   1     4   3   2
C       1.37182   1   121.13378   1  -179.83427   1     5   3   2
H       1.08343   1   119.02803   1     0.84468   1     5   3   2
C       1.41577   1   120.26961   1    -0.40780   1     8   5   3
H       1.08288   1   120.23726   1  -178.39239   1     6   4   3
H       1.08275   1   120.28223   1  -178.57518   1     8   5   3
N       1.39357   1   120.45603   1  -179.14350   1    10   8   5
C       1.39356   1   119.83613   1   -37.65065   1    13  10   8
C       1.41571   1   120.57652   1   141.25859   1    14  13  10
C       1.41577   1   120.45622   1   -37.65101   1    14  13  10
C       1.37157   1   120.29273   1  -179.08656   1    15  14  13
H       1.08288   1   119.44719   1    -0.82428   1    15  14  13
C       1.37182   1   120.26975   1  -180.62885   1    16  14  13
H       1.08275   1   119.42269   1    -2.44568   1    16  14  13
C       1.41256   1   121.13364   1    -0.40794   1    19  16  14
C       1.41764   1   120.86697   1  -179.83417   1    21  19  16
H       1.08343   1   119.83471   1   178.90785   1    19  16  14
C       1.20660   1   179.97927   1    15.58480   1    22  21  19
C       1.39359   1   120.08192   1   142.34921   1    13  10   8
C       1.41310   1   120.51535   1   -36.79330   1    25  13  10
C       1.41310   1   120.51519   1   143.20669   1    25  13  10
C       1.37296   1   120.27124   1  -179.88252   1    26  25  13
H       1.08270   1   119.42317   1    -1.57518   1    26  25  13
C       1.37296   1   120.27128   1  -179.88261   1    27  25  13
H       1.08270   1   119.42311   1    -1.57535   1    27  25  13
C       1.41070   1   121.05968   1    -0.23555   1    28  26  25
H       1.08340   1   119.85104   1   179.05068   1    28  26  25
H       1.08340   1   119.85100   1   179.05070   1    30  27  25
C       1.41937   1   120.81601   1  -179.88095   1    32  28  26
C       1.20568   1   179.99997   1    -9.07151   1    35  32  28
H       1.08340   1   119.85514   1   179.11798   1    17  15  14
H       1.06657   1   179.98650   1   174.22814   1     1   2   3
H       1.06657   1   179.98652   1   174.15767   1    24  22  21
H       1.06668   1   179.99978   1   190.39571   1    36  32  28
