          40
 Point           1
 
C       0.00000   0     0.00000   0     0.00000   0     0   0   0
C       1.20634   1     0.00000   0     0.00000   0     1   0   0
C       1.41815   1   179.99471   1     0.00000   0     2   1   0
C       1.41226   1   120.83872   1  -142.13442   1     3   2   1
C       1.41221   1   120.84613   1    37.87077   1     3   2   1
C       1.37211   1   121.09773   1  -179.86359   1     4   3   2
H       1.08339   1   119.05067   1     0.84848   1     4   3   2
C       1.37209   1   121.09875   1  -179.86936   1     5   3   2
H       1.08342   1   119.04602   1     0.84084   1     5   3   2
C       1.41475   1   120.27571   1    -0.26326   1     8   5   3
H       1.08277   1   120.26732   1  -178.50532   1     6   4   3
H       1.08277   1   120.26552   1  -178.50833   1     8   5   3
N       1.39352   1   120.53304   1  -179.86725   1    10   8   5
C       1.39352   1   119.99618   1   -37.74192   1    13  10   8
C       1.41483   1   120.52760   1   142.26303   1    14  13  10
C       1.41475   1   120.53304   1   -37.74192   1    14  13  10
C       1.37211   1   120.27252   1  -179.86930   1    15  14  13
H       1.08277   1   119.43702   1    -1.61434   1    15  14  13
C       1.37209   1   120.27571   1  -179.86725   1    16  14  13
H       1.08277   1   119.43575   1    -1.60766   1    16  14  13
C       1.41221   1   121.09875   1    -0.26326   1    19  16  14
C       1.41815   1   120.84613   1  -179.86936   1    21  19  16
H       1.08342   1   119.85143   1   179.02087   1    19  16  14
C       1.20634   1   179.99471   1    37.87077   1    22  21  19
C       1.39350   1   120.00191   1   142.25808   1    13  10   8
C       1.41478   1   120.53022   1   -37.73973   1    25  13  10
C       1.41478   1   120.53022   1   142.26027   1    25  13  10
C       1.37212   1   120.27461   1  -179.86881   1    26  25  13
H       1.08282   1   119.43872   1    -1.60754   1    26  25  13
C       1.37212   1   120.27461   1  -179.86881   1    27  25  13
H       1.08282   1   119.43872   1    -1.60754   1    27  25  13
C       1.41228   1   121.10019   1    -0.26304   1    28  26  25
H       1.08343   1   119.84917   1   179.02116   1    28  26  25
H       1.08343   1   119.84917   1   179.02116   1    30  27  25
C       1.41810   1   120.84498   1  -179.86702   1    32  28  26
C       1.20630   1   180.00000   1     3.16200   1    35  32  28
H       1.08339   1   119.84779   1   179.01738   1    17  15  14
H       1.06660   1   179.99834   1   180.00000   1     1   2   3
H       1.06660   1   179.99834   1   180.00000   1    24  22  21
H       1.06660   1   180.00000   1   177.91400   1    36  32  28
