          40
 Point           7
 
C       0.00000   0     0.00000   0     0.00000   0     0   0   0
C       1.20790   1     0.00000   0     0.00000   0     1   0   0
C       1.41506   1   179.90253   1     0.00000   0     2   1   0
C       1.41857   1   120.88287   1  -275.38253   1     3   2   1
C       1.41432   1   120.97149   1   -95.82333   1     3   2   1
C       1.36888   1   121.14841   1  -180.00051   1     4   3   2
H       1.08347   1   118.95528   1     0.83166   1     4   3   2
C       1.37049   1   121.30893   1  -179.65878   1     5   3   2
H       1.08350   1   118.93806   1     0.86384   1     5   3   2
C       1.42082   1   120.23910   1    -1.13047   1     8   5   3
H       1.08341   1   120.08697   1  -177.82774   1     6   4   3
H       1.08266   1   120.36577   1  -178.90944   1     8   5   3
N       1.39380   1   120.07101   1  -175.52475   1    10   8   5
C       1.39379   1   119.03591   1   -37.19427   1    13  10   8
C       1.42012   1   120.82111   1   136.23638   1    14  13  10
C       1.42082   1   120.07212   1   -37.19644   1    14  13  10
C       1.36888   1   120.39377   1  -175.17282   1    15  14  13
H       1.08343   1   119.49808   1     3.12603   1    15  14  13
C       1.37050   1   120.23991   1  -184.43680   1    16  14  13
H       1.08266   1   119.35738   1    -6.63582   1    16  14  13
C       1.41432   1   121.30811   1    -1.13132   1    19  16  14
C       1.41507   1   120.97116   1  -179.65819   1    21  19  16
H       1.08348   1   119.75108   1   178.34273   1    19  16  14
C       1.20789   1   179.90207   1   -95.84503   1    22  21  19
C       1.39406   1   120.48198   1   142.80487   1    13  10   8
C       1.40468   1   120.44105   1   -32.06116   1    25  13  10
C       1.40468   1   120.44006   1   147.93878   1    25  13  10
C       1.37720   1   120.25439   1  -179.95103   1    26  25  13
H       1.08208   1   119.34541   1    -1.41334   1    26  25  13
C       1.37720   1   120.25460   1  -179.95158   1    27  25  13
H       1.08208   1   119.34508   1    -1.41439   1    27  25  13
C       1.40283   1   120.85715   1    -0.09814   1    28  26  25
H       1.08320   1   119.86040   1   179.19829   1    28  26  25
H       1.08321   1   119.86015   1   179.19840   1    30  27  25
C       1.42575   1   120.67119   1  -179.95059   1    32  28  26
C       1.20260   1   179.99980   1   -70.23907   1    35  32  28
H       1.08346   1   119.89189   1   179.62101   1    17  15  14
H       1.06642   1   179.92730   1   145.36883   1     1   2   3
H       1.06642   1   179.92744   1   144.94603   1    24  22  21
H       1.06708   1   179.99867   1   252.80429   1    36  32  28
