          40
 Point           6
 
C       0.00000   0     0.00000   0     0.00000   0     0   0   0
C       1.20764   1     0.00000   0     0.00000   0     1   0   0
C       1.41558   1   179.91789   1     0.00000   0     2   1   0
C       1.41752   1   120.87551   1  -253.17451   1     3   2   1
C       1.41397   1   120.95060   1   -73.54098   1     3   2   1
C       1.36942   1   121.13997   1  -179.97769   1     4   3   2
H       1.08346   1   118.97118   1     0.83446   1     4   3   2
C       1.37076   1   121.27390   1  -179.69388   1     5   3   2
H       1.08348   1   118.95605   1     0.86000   1     5   3   2
C       1.41981   1   120.24520   1    -0.98593   1     8   5   3
H       1.08331   1   120.11703   1  -177.94067   1     6   4   3
H       1.08267   1   120.34906   1  -178.84259   1     8   5   3
N       1.39375   1   120.14801   1  -176.24850   1    10   8   5
C       1.39374   1   119.19596   1   -37.28555   1    13  10   8
C       1.41924   1   120.77219   1   137.24082   1    14  13  10
C       1.41981   1   120.14894   1   -37.28735   1    14  13  10
C       1.36942   1   120.37356   1  -175.95557   1    15  14  13
H       1.08332   1   119.48790   1     2.33597   1    15  14  13
C       1.37076   1   120.24588   1  -183.67521   1    16  14  13
H       1.08268   1   119.37044   1    -5.79780   1    16  14  13
C       1.41397   1   121.27321   1    -0.98665   1    19  16  14
C       1.41559   1   120.95032   1  -179.69339   1    21  19  16
H       1.08347   1   119.76780   1   178.45575   1    19  16  14
C       1.20763   1   179.91751   1   -73.55907   1    22  21  19
C       1.39397   1   120.40197   1   142.71374   1    13  10   8
C       1.40636   1   120.45591   1   -33.00759   1    25  13  10
C       1.40636   1   120.45509   1   146.99236   1    25  13  10
C       1.37636   1   120.25776   1  -179.93733   1    26  25  13
H       1.08221   1   119.36096   1    -1.44571   1    26  25  13
C       1.37636   1   120.25793   1  -179.93779   1    27  25  13
H       1.08221   1   119.36069   1    -1.44658   1    27  25  13
C       1.40440   1   120.89766   1    -0.12562   1    28  26  25
H       1.08324   1   119.85853   1   179.16877   1    28  26  25
H       1.08324   1   119.85832   1   179.16886   1    30  27  25
C       1.42447   1   120.70015   1  -179.93666   1    32  28  26
C       1.20321   1   179.99984   1   -58.00556   1    35  32  28
H       1.08344   1   119.88454   1   179.52041   1    17  15  14
H       1.06645   1   179.93914   1   151.14069   1     1   2   3
H       1.06645   1   179.93925   1   150.78836   1    24  22  21
H       1.06700   1   179.99889   1   240.32257   1    36  32  28
