          40
 Point           8
 
C       0.00000   0     0.00000   0     0.00000   0     0   0   0
C       1.20816   1     0.00000   0     0.00000   0     1   0   0
C       1.41455   1   179.88716   1     0.00000   0     2   1   0
C       1.41962   1   120.89023   1  -297.59055   1     3   2   1
C       1.41467   1   120.99239   1  -118.10568   1     3   2   1
C       1.36834   1   121.15686   1  -180.02333   1     4   3   2
H       1.08349   1   118.93938   1     0.82885   1     4   3   2
C       1.37023   1   121.34396   1  -179.62369   1     5   3   2
H       1.08351   1   118.92007   1     0.86767   1     5   3   2
C       1.42183   1   120.23300   1    -1.27500   1     8   5   3
H       1.08352   1   120.05691   1  -177.71481   1     6   4   3
H       1.08264   1   120.38248   1  -178.97629   1     8   5   3
N       1.39385   1   119.99400   1  -174.80100   1    10   8   5
C       1.39383   1   118.87587   1   -37.10300   1    13  10   8
C       1.42100   1   120.87003   1   135.23193   1    14  13  10
C       1.42183   1   119.99530   1   -37.10552   1    14  13  10
C       1.36834   1   120.41398   1  -174.39008   1    15  14  13
H       1.08354   1   119.50826   1     3.91609   1    15  14  13
C       1.37023   1   120.23395   1  -185.19840   1    16  14  13
H       1.08265   1   119.34431   1    -7.47385   1    16  14  13
C       1.41467   1   121.34300   1    -1.27600   1    19  16  14
C       1.41456   1   120.99200   1  -179.62300   1    21  19  16
H       1.08349   1   119.73435   1   178.22971   1    19  16  14
C       1.20815   1   179.88663   1  -118.13100   1    22  21  19
C       1.39416   1   120.56199   1   142.89600   1    13  10   8
C       1.40300   1   120.42619   1   -31.11474   1    25  13  10
C       1.40299   1   120.42503   1   148.88519   1    25  13  10
C       1.37805   1   120.25102   1  -179.96474   1    26  25  13
H       1.08196   1   119.32986   1    -1.38097   1    26  25  13
C       1.37805   1   120.25126   1  -179.96538   1    27  25  13
H       1.08196   1   119.32948   1    -1.38219   1    27  25  13
C       1.40125   1   120.81664   1    -0.07066   1    28  26  25
H       1.08317   1   119.86227   1   179.22781   1    28  26  25
H       1.08317   1   119.86198   1   179.22794   1    30  27  25
C       1.42702   1   120.64222   1  -179.96452   1    32  28  26
C       1.20198   1   179.99977   1   -82.47258   1    35  32  28
H       1.08347   1   119.89924   1   179.72162   1    17  15  14
H       1.06640   1   179.91547   1   139.59697   1     1   2   3
H       1.06639   1   179.91562   1   139.10370   1    24  22  21
H       1.06716   1   179.99845   1   265.28600   1    36  32  28
