          40
 Point           3
 
C       0.00000   0     0.00000   0     0.00000   0     0   0   0
C       1.20686   1     0.00000   0     0.00000   0     1   0   0
C       1.41712   1   179.96398   1     0.00000   0     2   1   0
C       1.41437   1   120.85344   1  -186.55046   1     3   2   1
C       1.41291   1   120.88792   1    -6.69393   1     3   2   1
C       1.37103   1   121.11462   1  -179.90923   1     4   3   2
H       1.08342   1   119.01887   1     0.84287   1     4   3   2
C       1.37155   1   121.16881   1  -179.79917   1     5   3   2
H       1.08344   1   119.01003   1     0.84851   1     5   3   2
C       1.41678   1   120.26351   1    -0.55233   1     8   5   3
H       1.08299   1   120.20720   1  -178.27946   1     6   4   3
H       1.08273   1   120.29893   1  -178.64203   1     8   5   3
N       1.39361   1   120.37903   1  -178.41975   1    10   8   5
C       1.39361   1   119.67609   1   -37.55937   1    13  10   8
C       1.41660   1   120.62544   1   140.25414   1    14  13  10
C       1.41678   1   120.37940   1   -37.56009   1    14  13  10
C       1.37103   1   120.31294   1  -178.30381   1    15  14  13
H       1.08299   1   119.45737   1    -0.03422   1    15  14  13
C       1.37156   1   120.26378   1  -181.39044   1    16  14  13
H       1.08273   1   119.40963   1    -3.28371   1    16  14  13
C       1.41291   1   121.16853   1    -0.55262   1    19  16  14
C       1.41713   1   120.88781   1  -179.79897   1    21  19  16
H       1.08344   1   119.81798   1   178.79483   1    19  16  14
C       1.20686   1   179.96383   1    -6.70116   1    22  21  19
C       1.39369   1   120.16193   1   142.44034   1    13  10   8
C       1.41142   1   120.50049   1   -35.84687   1    25  13  10
C       1.41142   1   120.50016   1   144.15311   1    25  13  10
C       1.37381   1   120.26787   1  -179.89622   1    26  25  13
H       1.08258   1   119.40761   1    -1.54281   1    26  25  13
C       1.37381   1   120.26794   1  -179.89640   1    27  25  13
H       1.08258   1   119.40751   1    -1.54316   1    27  25  13
C       1.40913   1   121.01918   1    -0.20807   1    28  26  25
H       1.08336   1   119.85291   1   179.08021   1    28  26  25
H       1.08336   1   119.85283   1   179.08024   1    30  27  25
C       1.42065   1   120.78705   1  -179.89488   1    32  28  26
C       1.20507   1   179.99993   1   -21.30502   1    35  32  28
H       1.08341   1   119.86249   1   179.21859   1    17  15  14
H       1.06654   1   179.97466   1   168.45628   1     1   2   3
H       1.06654   1   179.97470   1   168.31534   1    24  22  21
H       1.06676   1   179.99956   1   202.87743   1    36  32  28
