          40
 Point           4
 
C       0.00000   0     0.00000   0     0.00000   0     0   0   0
C       1.20712   1     0.00000   0     0.00000   0     1   0   0
C       1.41661   1   179.94862   1     0.00000   0     2   1   0
C       1.41542   1   120.86080   1  -208.75847   1     3   2   1
C       1.41326   1   120.90881   1   -28.97628   1     3   2   1
C       1.37049   1   121.12307   1  -179.93205   1     4   3   2
H       1.08343   1   119.00297   1     0.84007   1     4   3   2
C       1.37129   1   121.20384   1  -179.76407   1     5   3   2
H       1.08346   1   118.99204   1     0.85234   1     5   3   2
C       1.41779   1   120.25741   1    -0.69686   1     8   5   3
H       1.08309   1   120.17714   1  -178.16653   1     6   4   3
H       1.08271   1   120.31564   1  -178.70888   1     8   5   3
N       1.39366   1   120.30202   1  -177.69600   1    10   8   5
C       1.39365   1   119.51604   1   -37.46810   1    13  10   8
C       1.41748   1   120.67436   1   139.24970   1    14  13  10
C       1.41779   1   120.30258   1   -37.46918   1    14  13  10
C       1.37049   1   120.33315   1  -177.52106   1    15  14  13
H       1.08310   1   119.46755   1     0.75584   1    15  14  13
C       1.37129   1   120.25781   1  -182.15203   1    16  14  13
H       1.08272   1   119.39656   1    -4.12174   1    16  14  13
C       1.41326   1   121.20343   1    -0.69729   1    19  16  14
C       1.41661   1   120.90865   1  -179.76378   1    21  19  16
H       1.08345   1   119.80125   1   178.68180   1    19  16  14
C       1.20711   1   179.94839   1   -28.98713   1    22  21  19
C       1.39378   1   120.24195   1   142.53147   1    13  10   8
C       1.40973   1   120.48563   1   -34.90045   1    25  13  10
C       1.40973   1   120.48514   1   145.09952   1    25  13  10
C       1.37466   1   120.26450   1  -179.90992   1    26  25  13
H       1.08245   1   119.39206   1    -1.51044   1    26  25  13
C       1.37466   1   120.26461   1  -179.91020   1    27  25  13
H       1.08245   1   119.39190   1    -1.51096   1    27  25  13
C       1.40755   1   120.97867   1    -0.18059   1    28  26  25
H       1.08332   1   119.85478   1   179.10973   1    28  26  25
H       1.08332   1   119.85466   1   179.10978   1    30  27  25
C       1.42192   1   120.75808   1  -179.90881   1    32  28  26
C       1.20445   1   179.99990   1   -33.53853   1    35  32  28
H       1.08342   1   119.86984   1   179.31920   1    17  15  14
H       1.06651   1   179.96282   1   162.68442   1     1   2   3
H       1.06651   1   179.96289   1   162.47301   1    24  22  21
H       1.06684   1   179.99934   1   215.35914   1    36  32  28
