 --------------------------
 Point           1
 --------------------------
 6     0.00000   0     0.00000   0     0.00000   0     0   0   0
 6     1.20634   1     0.00000   0     0.00000   0     1   0   0
 6     1.41815   1   179.99471   1     0.00000   0     2   1   0
 6     1.41226   1   120.83872   1  -142.13442   1     3   2   1
 6     1.41221   1   120.84613   1    37.87077   1     3   2   1
 6     1.37211   1   121.09773   1  -179.86359   1     4   3   2
 1     1.08339   1   119.05067   1     0.84848   1     4   3   2
 6     1.37209   1   121.09875   1  -179.86936   1     5   3   2
 1     1.08342   1   119.04602   1     0.84084   1     5   3   2
 6     1.41475   1   120.27571   1    -0.26326   1     8   5   3
 1     1.08277   1   120.26732   1  -178.50532   1     6   4   3
 1     1.08277   1   120.26552   1  -178.50833   1     8   5   3
 7     1.39352   1   120.53304   1  -179.86725   1    10   8   5
 6     1.39352   1   119.99618   1   -37.74192   1    13  10   8
 6     1.41483   1   120.52760   1   142.26303   1    14  13  10
 6     1.41475   1   120.53304   1   -37.74192   1    14  13  10
 6     1.37211   1   120.27252   1  -179.86930   1    15  14  13
 1     1.08277   1   119.43702   1    -1.61434   1    15  14  13
 6     1.37209   1   120.27571   1  -179.86725   1    16  14  13
 1     1.08277   1   119.43575   1    -1.60766   1    16  14  13
 6     1.41221   1   121.09875   1    -0.26326   1    19  16  14
 6     1.41815   1   120.84613   1  -179.86936   1    21  19  16
 1     1.08342   1   119.85143   1   179.02087   1    19  16  14
 6     1.20634   1   179.99471   1    37.87077   1    22  21  19
 6     1.39350   1   120.00191   1   142.25808   1    13  10   8
 6     1.41478   1   120.53022   1   -37.73973   1    25  13  10
 6     1.41478   1   120.53022   1   142.26027   1    25  13  10
 6     1.37212   1   120.27461   1  -179.86881   1    26  25  13
 1     1.08282   1   119.43872   1    -1.60754   1    26  25  13
 6     1.37212   1   120.27461   1  -179.86881   1    27  25  13
 1     1.08282   1   119.43872   1    -1.60754   1    27  25  13
 6     1.41228   1   121.10019   1    -0.26304   1    28  26  25
 1     1.08343   1   119.84917   1   179.02116   1    28  26  25
 1     1.08343   1   119.84917   1   179.02116   1    30  27  25
 6     1.41810   1   120.84498   1  -179.86702   1    32  28  26
 6     1.20630   1   180.00000   1     3.16200   1    35  32  28
 1     1.08339   1   119.84779   1   179.01738   1    17  15  14
 1     1.06660   1   179.99834   1   180.00000   1     1   2   3
 1     1.06660   1   179.99834   1   180.00000   1    24  22  21
 1     1.06660   1   180.00000   1   177.91400   1    36  32  28
 --------------------------
 Point           2
 --------------------------
 6     0.00000   0     0.00000   0     0.00000   0     0   0   0
 6     1.20660   1     0.00000   0     0.00000   0     1   0   0
 6     1.41764   1   179.97935   1     0.00000   0     2   1   0
 6     1.41331   1   120.84608   1  -164.34244   1     3   2   1
 6     1.41256   1   120.86702   1    15.58842   1     3   2   1
 6     1.37157   1   121.10618   1  -179.88641   1     4   3   2
 1     1.08340   1   119.03477   1     0.84567   1     4   3   2
 6     1.37182   1   121.13378   1  -179.83427   1     5   3   2
 1     1.08343   1   119.02803   1     0.84468   1     5   3   2
 6     1.41577   1   120.26961   1    -0.40780   1     8   5   3
 1     1.08288   1   120.23726   1  -178.39239   1     6   4   3
 1     1.08275   1   120.28223   1  -178.57518   1     8   5   3
 7     1.39357   1   120.45603   1  -179.14350   1    10   8   5
 6     1.39356   1   119.83613   1   -37.65065   1    13  10   8
 6     1.41571   1   120.57652   1   141.25859   1    14  13  10
 6     1.41577   1   120.45622   1   -37.65101   1    14  13  10
 6     1.37157   1   120.29273   1  -179.08656   1    15  14  13
 1     1.08288   1   119.44719   1    -0.82428   1    15  14  13
 6     1.37182   1   120.26975   1  -180.62885   1    16  14  13
 1     1.08275   1   119.42269   1    -2.44568   1    16  14  13
 6     1.41256   1   121.13364   1    -0.40794   1    19  16  14
 6     1.41764   1   120.86697   1  -179.83417   1    21  19  16
 1     1.08343   1   119.83471   1   178.90785   1    19  16  14
 6     1.20660   1   179.97927   1    15.58480   1    22  21  19
 6     1.39359   1   120.08192   1   142.34921   1    13  10   8
 6     1.41310   1   120.51535   1   -36.79330   1    25  13  10
 6     1.41310   1   120.51519   1   143.20669   1    25  13  10
 6     1.37296   1   120.27124   1  -179.88252   1    26  25  13
 1     1.08270   1   119.42317   1    -1.57518   1    26  25  13
 6     1.37296   1   120.27128   1  -179.88261   1    27  25  13
 1     1.08270   1   119.42311   1    -1.57535   1    27  25  13
 6     1.41070   1   121.05968   1    -0.23555   1    28  26  25
 1     1.08340   1   119.85104   1   179.05068   1    28  26  25
 1     1.08340   1   119.85100   1   179.05070   1    30  27  25
 6     1.41937   1   120.81601   1  -179.88095   1    32  28  26
 6     1.20568   1   179.99997   1    -9.07151   1    35  32  28
 1     1.08340   1   119.85514   1   179.11798   1    17  15  14
 1     1.06657   1   179.98650   1   174.22814   1     1   2   3
 1     1.06657   1   179.98652   1   174.15767   1    24  22  21
 1     1.06668   1   179.99978   1   190.39571   1    36  32  28
 --------------------------
 Point           3
 --------------------------
 6     0.00000   0     0.00000   0     0.00000   0     0   0   0
 6     1.20686   1     0.00000   0     0.00000   0     1   0   0
 6     1.41712   1   179.96398   1     0.00000   0     2   1   0
 6     1.41437   1   120.85344   1  -186.55046   1     3   2   1
 6     1.41291   1   120.88792   1    -6.69393   1     3   2   1
 6     1.37103   1   121.11462   1  -179.90923   1     4   3   2
 1     1.08342   1   119.01887   1     0.84287   1     4   3   2
 6     1.37155   1   121.16881   1  -179.79917   1     5   3   2
 1     1.08344   1   119.01003   1     0.84851   1     5   3   2
 6     1.41678   1   120.26351   1    -0.55233   1     8   5   3
 1     1.08299   1   120.20720   1  -178.27946   1     6   4   3
 1     1.08273   1   120.29893   1  -178.64203   1     8   5   3
 7     1.39361   1   120.37903   1  -178.41975   1    10   8   5
 6     1.39361   1   119.67609   1   -37.55937   1    13  10   8
 6     1.41660   1   120.62544   1   140.25414   1    14  13  10
 6     1.41678   1   120.37940   1   -37.56009   1    14  13  10
 6     1.37103   1   120.31294   1  -178.30381   1    15  14  13
 1     1.08299   1   119.45737   1    -0.03422   1    15  14  13
 6     1.37156   1   120.26378   1  -181.39044   1    16  14  13
 1     1.08273   1   119.40963   1    -3.28371   1    16  14  13
 6     1.41291   1   121.16853   1    -0.55262   1    19  16  14
 6     1.41713   1   120.88781   1  -179.79897   1    21  19  16
 1     1.08344   1   119.81798   1   178.79483   1    19  16  14
 6     1.20686   1   179.96383   1    -6.70116   1    22  21  19
 6     1.39369   1   120.16193   1   142.44034   1    13  10   8
 6     1.41142   1   120.50049   1   -35.84687   1    25  13  10
 6     1.41142   1   120.50016   1   144.15311   1    25  13  10
 6     1.37381   1   120.26787   1  -179.89622   1    26  25  13
 1     1.08258   1   119.40761   1    -1.54281   1    26  25  13
 6     1.37381   1   120.26794   1  -179.89640   1    27  25  13
 1     1.08258   1   119.40751   1    -1.54316   1    27  25  13
 6     1.40913   1   121.01918   1    -0.20807   1    28  26  25
 1     1.08336   1   119.85291   1   179.08021   1    28  26  25
 1     1.08336   1   119.85283   1   179.08024   1    30  27  25
 6     1.42065   1   120.78705   1  -179.89488   1    32  28  26
 6     1.20507   1   179.99993   1   -21.30502   1    35  32  28
 1     1.08341   1   119.86249   1   179.21859   1    17  15  14
 1     1.06654   1   179.97466   1   168.45628   1     1   2   3
 1     1.06654   1   179.97470   1   168.31534   1    24  22  21
 1     1.06676   1   179.99956   1   202.87743   1    36  32  28
 --------------------------
 Point           4
 --------------------------
 6     0.00000   0     0.00000   0     0.00000   0     0   0   0
 6     1.20712   1     0.00000   0     0.00000   0     1   0   0
 6     1.41661   1   179.94862   1     0.00000   0     2   1   0
 6     1.41542   1   120.86080   1  -208.75847   1     3   2   1
 6     1.41326   1   120.90881   1   -28.97628   1     3   2   1
 6     1.37049   1   121.12307   1  -179.93205   1     4   3   2
 1     1.08343   1   119.00297   1     0.84007   1     4   3   2
 6     1.37129   1   121.20384   1  -179.76407   1     5   3   2
 1     1.08346   1   118.99204   1     0.85234   1     5   3   2
 6     1.41779   1   120.25741   1    -0.69686   1     8   5   3
 1     1.08309   1   120.17714   1  -178.16653   1     6   4   3
 1     1.08271   1   120.31564   1  -178.70888   1     8   5   3
 7     1.39366   1   120.30202   1  -177.69600   1    10   8   5
 6     1.39365   1   119.51604   1   -37.46810   1    13  10   8
 6     1.41748   1   120.67436   1   139.24970   1    14  13  10
 6     1.41779   1   120.30258   1   -37.46918   1    14  13  10
 6     1.37049   1   120.33315   1  -177.52106   1    15  14  13
 1     1.08310   1   119.46755   1     0.75584   1    15  14  13
 6     1.37129   1   120.25781   1  -182.15203   1    16  14  13
 1     1.08272   1   119.39656   1    -4.12174   1    16  14  13
 6     1.41326   1   121.20343   1    -0.69729   1    19  16  14
 6     1.41661   1   120.90865   1  -179.76378   1    21  19  16
 1     1.08345   1   119.80125   1   178.68180   1    19  16  14
 6     1.20711   1   179.94839   1   -28.98713   1    22  21  19
 6     1.39378   1   120.24195   1   142.53147   1    13  10   8
 6     1.40973   1   120.48563   1   -34.90045   1    25  13  10
 6     1.40973   1   120.48514   1   145.09952   1    25  13  10
 6     1.37466   1   120.26450   1  -179.90992   1    26  25  13
 1     1.08245   1   119.39206   1    -1.51044   1    26  25  13
 6     1.37466   1   120.26461   1  -179.91020   1    27  25  13
 1     1.08245   1   119.39190   1    -1.51096   1    27  25  13
 6     1.40755   1   120.97867   1    -0.18059   1    28  26  25
 1     1.08332   1   119.85478   1   179.10973   1    28  26  25
 1     1.08332   1   119.85466   1   179.10978   1    30  27  25
 6     1.42192   1   120.75808   1  -179.90881   1    32  28  26
 6     1.20445   1   179.99990   1   -33.53853   1    35  32  28
 1     1.08342   1   119.86984   1   179.31920   1    17  15  14
 1     1.06651   1   179.96282   1   162.68442   1     1   2   3
 1     1.06651   1   179.96289   1   162.47301   1    24  22  21
 1     1.06684   1   179.99934   1   215.35914   1    36  32  28
 --------------------------
 Point           5
 --------------------------
 6     0.00000   0     0.00000   0     0.00000   0     0   0   0
 6     1.20738   1     0.00000   0     0.00000   0     1   0   0
 6     1.41609   1   179.93325   1     0.00000   0     2   1   0
 6     1.41647   1   120.86815   1  -230.96649   1     3   2   1
 6     1.41362   1   120.92970   1   -51.25863   1     3   2   1
 6     1.36996   1   121.13152   1  -179.95487   1     4   3   2
 1     1.08344   1   118.98708   1     0.83726   1     4   3   2
 6     1.37102   1   121.23887   1  -179.72898   1     5   3   2
 1     1.08347   1   118.97405   1     0.85617   1     5   3   2
 6     1.41880   1   120.25131   1    -0.84140   1     8   5   3
 1     1.08320   1   120.14709   1  -178.05360   1     6   4   3
 1     1.08269   1   120.33235   1  -178.77573   1     8   5   3
 7     1.39371   1   120.22502   1  -176.97225   1    10   8   5
 6     1.39370   1   119.35600   1   -37.37682   1    13  10   8
 6     1.41836   1   120.72328   1   138.24526   1    14  13  10
 6     1.41880   1   120.22576   1   -37.37827   1    14  13  10
 6     1.36996   1   120.35335   1  -176.73832   1    15  14  13
 1     1.08321   1   119.47772   1     1.54590   1    15  14  13
 6     1.37103   1   120.25185   1  -182.91362   1    16  14  13
 1     1.08270   1   119.38350   1    -4.95977   1    16  14  13
 6     1.41361   1   121.23832   1    -0.84197   1    19  16  14
 6     1.41610   1   120.92948   1  -179.72858   1    21  19  16
 1     1.08346   1   119.78453   1   178.56878   1    19  16  14
 6     1.20737   1   179.93295   1   -51.27310   1    22  21  19
 6     1.39388   1   120.32196   1   142.62260   1    13  10   8
 6     1.40805   1   120.47077   1   -33.95402   1    25  13  10
 6     1.40805   1   120.47011   1   146.04594   1    25  13  10
 6     1.37551   1   120.26113   1  -179.92363   1    26  25  13
 1     1.08233   1   119.37651   1    -1.47807   1    26  25  13
 6     1.37551   1   120.26127   1  -179.92399   1    27  25  13
 1     1.08233   1   119.37629   1    -1.47877   1    27  25  13
 6     1.40598   1   120.93816   1    -0.15311   1    28  26  25
 1     1.08328   1   119.85665   1   179.13925   1    28  26  25
 1     1.08328   1   119.85649   1   179.13932   1    30  27  25
 6     1.42320   1   120.72912   1  -179.92274   1    32  28  26
 6     1.20383   1   179.99987   1   -45.77205   1    35  32  28
 1     1.08343   1   119.87719   1   179.41980   1    17  15  14
 1     1.06648   1   179.95098   1   156.91255   1     1   2   3
 1     1.06648   1   179.95107   1   156.63069   1    24  22  21
 1     1.06692   1   179.99911   1   227.84086   1    36  32  28
 --------------------------
 Point           6
 --------------------------
 6     0.00000   0     0.00000   0     0.00000   0     0   0   0
 6     1.20764   1     0.00000   0     0.00000   0     1   0   0
 6     1.41558   1   179.91789   1     0.00000   0     2   1   0
 6     1.41752   1   120.87551   1  -253.17451   1     3   2   1
 6     1.41397   1   120.95060   1   -73.54098   1     3   2   1
 6     1.36942   1   121.13997   1  -179.97769   1     4   3   2
 1     1.08346   1   118.97118   1     0.83446   1     4   3   2
 6     1.37076   1   121.27390   1  -179.69388   1     5   3   2
 1     1.08348   1   118.95605   1     0.86000   1     5   3   2
 6     1.41981   1   120.24520   1    -0.98593   1     8   5   3
 1     1.08331   1   120.11703   1  -177.94067   1     6   4   3
 1     1.08267   1   120.34906   1  -178.84259   1     8   5   3
 7     1.39375   1   120.14801   1  -176.24850   1    10   8   5
 6     1.39374   1   119.19596   1   -37.28555   1    13  10   8
 6     1.41924   1   120.77219   1   137.24082   1    14  13  10
 6     1.41981   1   120.14894   1   -37.28735   1    14  13  10
 6     1.36942   1   120.37356   1  -175.95557   1    15  14  13
 1     1.08332   1   119.48790   1     2.33597   1    15  14  13
 6     1.37076   1   120.24588   1  -183.67521   1    16  14  13
 1     1.08268   1   119.37044   1    -5.79780   1    16  14  13
 6     1.41397   1   121.27321   1    -0.98665   1    19  16  14
 6     1.41559   1   120.95032   1  -179.69339   1    21  19  16
 1     1.08347   1   119.76780   1   178.45575   1    19  16  14
 6     1.20763   1   179.91751   1   -73.55907   1    22  21  19
 6     1.39397   1   120.40197   1   142.71374   1    13  10   8
 6     1.40636   1   120.45591   1   -33.00759   1    25  13  10
 6     1.40636   1   120.45509   1   146.99236   1    25  13  10
 6     1.37636   1   120.25776   1  -179.93733   1    26  25  13
 1     1.08221   1   119.36096   1    -1.44571   1    26  25  13
 6     1.37636   1   120.25793   1  -179.93779   1    27  25  13
 1     1.08221   1   119.36069   1    -1.44658   1    27  25  13
 6     1.40440   1   120.89766   1    -0.12562   1    28  26  25
 1     1.08324   1   119.85853   1   179.16877   1    28  26  25
 1     1.08324   1   119.85832   1   179.16886   1    30  27  25
 6     1.42447   1   120.70015   1  -179.93666   1    32  28  26
 6     1.20321   1   179.99984   1   -58.00556   1    35  32  28
 1     1.08344   1   119.88454   1   179.52041   1    17  15  14
 1     1.06645   1   179.93914   1   151.14069   1     1   2   3
 1     1.06645   1   179.93925   1   150.78836   1    24  22  21
 1     1.06700   1   179.99889   1   240.32257   1    36  32  28
 --------------------------
 Point           7
 --------------------------
 6     0.00000   0     0.00000   0     0.00000   0     0   0   0
 6     1.20790   1     0.00000   0     0.00000   0     1   0   0
 6     1.41506   1   179.90253   1     0.00000   0     2   1   0
 6     1.41857   1   120.88287   1  -275.38253   1     3   2   1
 6     1.41432   1   120.97149   1   -95.82333   1     3   2   1
 6     1.36888   1   121.14841   1  -180.00051   1     4   3   2
 1     1.08347   1   118.95528   1     0.83166   1     4   3   2
 6     1.37049   1   121.30893   1  -179.65878   1     5   3   2
 1     1.08350   1   118.93806   1     0.86384   1     5   3   2
 6     1.42082   1   120.23910   1    -1.13047   1     8   5   3
 1     1.08341   1   120.08697   1  -177.82774   1     6   4   3
 1     1.08266   1   120.36577   1  -178.90944   1     8   5   3
 7     1.39380   1   120.07101   1  -175.52475   1    10   8   5
 6     1.39379   1   119.03591   1   -37.19427   1    13  10   8
 6     1.42012   1   120.82111   1   136.23638   1    14  13  10
 6     1.42082   1   120.07212   1   -37.19644   1    14  13  10
 6     1.36888   1   120.39377   1  -175.17282   1    15  14  13
 1     1.08343   1   119.49808   1     3.12603   1    15  14  13
 6     1.37050   1   120.23991   1  -184.43680   1    16  14  13
 1     1.08266   1   119.35738   1    -6.63582   1    16  14  13
 6     1.41432   1   121.30811   1    -1.13132   1    19  16  14
 6     1.41507   1   120.97116   1  -179.65819   1    21  19  16
 1     1.08348   1   119.75108   1   178.34273   1    19  16  14
 6     1.20789   1   179.90207   1   -95.84503   1    22  21  19
 6     1.39406   1   120.48198   1   142.80487   1    13  10   8
 6     1.40468   1   120.44105   1   -32.06116   1    25  13  10
 6     1.40468   1   120.44006   1   147.93878   1    25  13  10
 6     1.37720   1   120.25439   1  -179.95103   1    26  25  13
 1     1.08208   1   119.34541   1    -1.41334   1    26  25  13
 6     1.37720   1   120.25460   1  -179.95158   1    27  25  13
 1     1.08208   1   119.34508   1    -1.41439   1    27  25  13
 6     1.40283   1   120.85715   1    -0.09814   1    28  26  25
 1     1.08320   1   119.86040   1   179.19829   1    28  26  25
 1     1.08321   1   119.86015   1   179.19840   1    30  27  25
 6     1.42575   1   120.67119   1  -179.95059   1    32  28  26
 6     1.20260   1   179.99980   1   -70.23907   1    35  32  28
 1     1.08346   1   119.89189   1   179.62101   1    17  15  14
 1     1.06642   1   179.92730   1   145.36883   1     1   2   3
 1     1.06642   1   179.92744   1   144.94603   1    24  22  21
 1     1.06708   1   179.99867   1   252.80429   1    36  32  28
 --------------------------
 Point           8
 --------------------------
 6     0.00000   0     0.00000   0     0.00000   0     0   0   0
 6     1.20816   1     0.00000   0     0.00000   0     1   0   0
 6     1.41455   1   179.88716   1     0.00000   0     2   1   0
 6     1.41962   1   120.89023   1  -297.59055   1     3   2   1
 6     1.41467   1   120.99239   1  -118.10568   1     3   2   1
 6     1.36834   1   121.15686   1  -180.02333   1     4   3   2
 1     1.08349   1   118.93938   1     0.82885   1     4   3   2
 6     1.37023   1   121.34396   1  -179.62369   1     5   3   2
 1     1.08351   1   118.92007   1     0.86767   1     5   3   2
 6     1.42183   1   120.23300   1    -1.27500   1     8   5   3
 1     1.08352   1   120.05691   1  -177.71481   1     6   4   3
 1     1.08264   1   120.38248   1  -178.97629   1     8   5   3
 7     1.39385   1   119.99400   1  -174.80100   1    10   8   5
 6     1.39383   1   118.87587   1   -37.10300   1    13  10   8
 6     1.42100   1   120.87003   1   135.23193   1    14  13  10
 6     1.42183   1   119.99530   1   -37.10552   1    14  13  10
 6     1.36834   1   120.41398   1  -174.39008   1    15  14  13
 1     1.08354   1   119.50826   1     3.91609   1    15  14  13
 6     1.37023   1   120.23395   1  -185.19840   1    16  14  13
 1     1.08265   1   119.34431   1    -7.47385   1    16  14  13
 6     1.41467   1   121.34300   1    -1.27600   1    19  16  14
 6     1.41456   1   120.99200   1  -179.62300   1    21  19  16
 1     1.08349   1   119.73435   1   178.22971   1    19  16  14
 6     1.20815   1   179.88663   1  -118.13100   1    22  21  19
 6     1.39416   1   120.56199   1   142.89600   1    13  10   8
 6     1.40300   1   120.42619   1   -31.11474   1    25  13  10
 6     1.40299   1   120.42503   1   148.88519   1    25  13  10
 6     1.37805   1   120.25102   1  -179.96474   1    26  25  13
 1     1.08196   1   119.32986   1    -1.38097   1    26  25  13
 6     1.37805   1   120.25126   1  -179.96538   1    27  25  13
 1     1.08196   1   119.32948   1    -1.38219   1    27  25  13
 6     1.40125   1   120.81664   1    -0.07066   1    28  26  25
 1     1.08317   1   119.86227   1   179.22781   1    28  26  25
 1     1.08317   1   119.86198   1   179.22794   1    30  27  25
 6     1.42702   1   120.64222   1  -179.96452   1    32  28  26
 6     1.20198   1   179.99977   1   -82.47258   1    35  32  28
 1     1.08347   1   119.89924   1   179.72162   1    17  15  14
 1     1.06640   1   179.91547   1   139.59697   1     1   2   3
 1     1.06639   1   179.91562   1   139.10370   1    24  22  21
 1     1.06716   1   179.99845   1   265.28600   1    36  32  28
