          40
 Point           1
 
C       0.00000   0     0.00000   0     0.00000   0     0   0   0
C       1.20181   1     0.00000   0     0.00000   0     1   0   0
C       1.43070   1   179.99756   1     0.00000   0     2   1   0
C       1.39799   1   120.84903   1    41.95565   1     3   2   1
C       1.39804   1   120.84265   1  -138.04991   1     3   2   1
C       1.38243   1   120.88883   1   179.68491   1     4   3   2
H       1.08365   1   119.31997   1     0.49994   1     4   3   2
C       1.38246   1   120.88321   1   179.68575   1     5   3   2
H       1.08353   1   119.32191   1     0.51324   1     5   3   2
C       1.39632   1   120.60990   1     0.63617   1     8   5   3
H       1.08314   1   119.87488   1  -179.30769   1     6   4   3
H       1.08316   1   119.86857   1  -179.30681   1     8   5   3
N       1.40875   1   120.65193   1   179.68610   1    10   8   5
C       1.40875   1   119.99770   1   -42.26512   1    13  10   8
C       1.39636   1   120.64913   1   137.73782   1    14  13  10
C       1.39632   1   120.65193   1   -42.26512   1    14  13  10
C       1.38243   1   120.60636   1   179.68690   1    15  14  13
H       1.08314   1   119.51874   1    -0.37748   1    15  14  13
C       1.38246   1   120.60990   1   179.68610   1    16  14  13
H       1.08316   1   119.52151   1    -0.37072   1    16  14  13
C       1.39804   1   120.88300   1     0.63600   1    19  16  14
C       1.43070   1   120.84903   1   179.68491   1    21  19  16
H       1.08353   1   119.78973   1   179.80484   1    19  16  14
C       1.20181   1   179.99756   1  -138.05000   1    22  21  19
C       1.40870   1   120.00115   1   137.73488   1    13  10   8
C       1.39636   1   120.65218   1   -42.26374   1    25  13  10
C       1.39636   1   120.65218   1   137.73626   1    25  13  10
C       1.38242   1   120.60891   1   179.68740   1    26  25  13
H       1.08320   1   119.51781   1    -0.37178   1    26  25  13
C       1.38242   1   120.60891   1   179.68740   1    27  25  13
H       1.08320   1   119.51781   1    -0.37178   1    27  25  13
C       1.39804   1   120.89077   1     0.63016   1    28  26  25
H       1.08365   1   119.78972   1   179.80833   1    28  26  25
H       1.08365   1   119.78972   1   179.80833   1    30  27  25
C       1.43060   1   120.84972   1   179.68621   1    32  28  26
C       1.20190   1   180.00000   1   179.77800   1    35  32  28
H       1.08365   1   119.78620   1   179.80891   1    17  15  14
H       1.06668   1   179.99764   1     0.00000   1     1   2   3
H       1.06668   1   179.99764   1     0.00000   1    24  22  21
H       1.06670   1   180.00000   1   177.91400   1    36  32  28
          40
 Point           2
 
C       0.00000   0     0.00000   0     0.00000   0     0   0   0
C       1.20246   1     0.00000   0     0.00000   0     1   0   0
C       1.42891   1   179.99715   1     0.00000   0     2   1   0
C       1.40002   1   120.84756   1    67.08564   1     3   2   1
C       1.40007   1   120.84315   1  -112.91838   1     3   2   1
C       1.38096   1   120.91868   1   179.74941   1     4   3   2
H       1.08361   1   119.28150   1     0.54973   1     4   3   2
C       1.38098   1   120.91400   1   179.74931   1     5   3   2
H       1.08352   1   119.28249   1     0.56004   1     5   3   2
C       1.39895   1   120.56216   1     0.50768   1     8   5   3
H       1.08309   1   119.93094   1  -179.19307   1     6   4   3
H       1.08311   1   119.92528   1  -179.19275   1     8   5   3
N       1.40658   1   120.63495   1   179.74991   1    10   8   5
C       1.40658   1   119.99748   1   -41.61895   1    13  10   8
C       1.39900   1   120.63177   1   138.38428   1    14  13  10
C       1.39895   1   120.63495   1   -41.61895   1    14  13  10
C       1.38096   1   120.55867   1   179.75030   1    15  14  13
H       1.08309   1   119.50706   1    -0.55418   1    15  14  13
C       1.38098   1   120.56216   1   179.74991   1    16  14  13
H       1.08311   1   119.50925   1    -0.54742   1    16  14  13
C       1.40006   1   120.91382   1     0.50753   1    19  16  14
C       1.42891   1   120.84861   1   179.74859   1    21  19  16
H       1.08352   1   119.79854   1   179.69285   1    19  16  14
C       1.20246   1   179.99715   1  -112.91846   1    22  21  19
C       1.40653   1   120.00126   1   138.38105   1    13  10   8
C       1.39899   1   120.63475   1   -41.61746   1    25  13  10
C       1.39899   1   120.63475   1   138.38254   1    25  13  10
C       1.38094   1   120.56116   1   179.75079   1    26  25  13
H       1.08315   1   119.50651   1    -0.54831   1    26  25  13
C       1.38094   1   120.56116   1   179.75079   1    27  25  13
H       1.08315   1   119.50651   1    -0.54831   1    27  25  13
C       1.40008   1   120.92069   1     0.50256   1    28  26  25
H       1.08362   1   119.79822   1   179.69587   1    28  26  25
H       1.08362   1   119.79822   1   179.69587   1    30  27  25
C       1.42881   1   120.84904   1   179.75004   1    32  28  26
C       1.20253   1   180.00000   1   154.54714   1    35  32  28
H       1.08361   1   119.79499   1   179.69583   1    17  15  14
H       1.06667   1   179.99774   1    25.71429   1     1   2   3
H       1.06667   1   179.99774   1    25.71429   1    24  22  21
H       1.06669   1   180.00000   1   177.91400   1    36  32  28
          40
 Point           3
 
C       0.00000   0     0.00000   0     0.00000   0     0   0   0
C       1.20310   1     0.00000   0     0.00000   0     1   0   0
C       1.42712   1   179.99675   1     0.00000   0     2   1   0
C       1.40206   1   120.84608   1    92.21563   1     3   2   1
C       1.40209   1   120.84364   1   -87.78686   1     3   2   1
C       1.37948   1   120.94852   1   179.81391   1     4   3   2
H       1.08357   1   119.24303   1     0.59952   1     4   3   2
C       1.37950   1   120.94479   1   179.81286   1     5   3   2
H       1.08350   1   119.24308   1     0.60684   1     5   3   2
C       1.40159   1   120.51442   1     0.37919   1     8   5   3
H       1.08304   1   119.98700   1  -179.07844   1     6   4   3
H       1.08305   1   119.98199   1  -179.07868   1     8   5   3
N       1.40440   1   120.61796   1   179.81371   1    10   8   5
C       1.40440   1   119.99726   1   -40.97278   1    13  10   8
C       1.40164   1   120.61441   1   139.03074   1    14  13  10
C       1.40159   1   120.61796   1   -40.97278   1    14  13  10
C       1.37948   1   120.51097   1   179.81370   1    15  14  13
H       1.08304   1   119.49539   1    -0.73087   1    15  14  13
C       1.37950   1   120.51442   1   179.81371   1    16  14  13
H       1.08305   1   119.49700   1    -0.72413   1    16  14  13
C       1.40209   1   120.94464   1     0.37907   1    19  16  14
C       1.42712   1   120.84820   1   179.81226   1    21  19  16
H       1.08350   1   119.80736   1   179.58085   1    19  16  14
C       1.20310   1   179.99675   1   -87.78692   1    22  21  19
C       1.40436   1   120.00137   1   139.02722   1    13  10   8
C       1.40162   1   120.61733   1   -40.97117   1    25  13  10
C       1.40162   1   120.61733   1   139.02883   1    25  13  10
C       1.37947   1   120.51340   1   179.81419   1    26  25  13
H       1.08310   1   119.49521   1    -0.72485   1    26  25  13
C       1.37947   1   120.51340   1   179.81419   1    27  25  13
H       1.08310   1   119.49521   1    -0.72485   1    27  25  13
C       1.40211   1   120.95060   1     0.37496   1    28  26  25
H       1.08359   1   119.80671   1   179.58342   1    28  26  25
H       1.08359   1   119.80671   1   179.58342   1    30  27  25
C       1.42703   1   120.84836   1   179.81386   1    32  28  26
C       1.20316   1   180.00000   1   129.31629   1    35  32  28
H       1.08357   1   119.80379   1   179.58276   1    17  15  14
H       1.06666   1   179.99784   1    51.42857   1     1   2   3
H       1.06666   1   179.99784   1    51.42857   1    24  22  21
H       1.06667   1   180.00000   1   177.91400   1    36  32  28
          40
 Point           4
 
C       0.00000   0     0.00000   0     0.00000   0     0   0   0
C       1.20375   1     0.00000   0     0.00000   0     1   0   0
C       1.42533   1   179.99634   1     0.00000   0     2   1   0
C       1.40410   1   120.84461   1   117.34562   1     3   2   1
C       1.40411   1   120.84414   1   -62.65533   1     3   2   1
C       1.37801   1   120.97836   1   179.87841   1     4   3   2
H       1.08354   1   119.20456   1     0.64931   1     4   3   2
C       1.37802   1   120.97558   1   179.87642   1     5   3   2
H       1.08348   1   119.20367   1     0.65364   1     5   3   2
C       1.40422   1   120.46668   1     0.25070   1     8   5   3
H       1.08298   1   120.04307   1  -178.96382   1     6   4   3
H       1.08299   1   120.03869   1  -178.96461   1     8   5   3
N       1.40222   1   120.60098   1   179.87752   1    10   8   5
C       1.40222   1   119.99705   1   -40.32661   1    13  10   8
C       1.40428   1   120.59705   1   139.67720   1    14  13  10
C       1.40422   1   120.60098   1   -40.32661   1    14  13  10
C       1.37801   1   120.46328   1   179.87710   1    15  14  13
H       1.08298   1   119.48371   1    -0.90756   1    15  14  13
C       1.37802   1   120.46668   1   179.87752   1    16  14  13
H       1.08299   1   119.48475   1    -0.90084   1    16  14  13
C       1.40411   1   120.97546   1     0.25060   1    19  16  14
C       1.42533   1   120.84779   1   179.87594   1    21  19  16
H       1.08348   1   119.81617   1   179.46886   1    19  16  14
C       1.20375   1   179.99634   1   -62.65538   1    22  21  19
C       1.40219   1   120.00148   1   139.67339   1    13  10   8
C       1.40426   1   120.59991   1   -40.32488   1    25  13  10
C       1.40426   1   120.59991   1   139.67512   1    25  13  10
C       1.37800   1   120.46564   1   179.87759   1    26  25  13
H       1.08304   1   119.48391   1    -0.90139   1    26  25  13
C       1.37800   1   120.46564   1   179.87759   1    27  25  13
H       1.08304   1   119.48391   1    -0.90139   1    27  25  13
C       1.40415   1   120.98052   1     0.24736   1    28  26  25
H       1.08356   1   119.81520   1   179.47097   1    28  26  25
H       1.08356   1   119.81520   1   179.47097   1    30  27  25
C       1.42524   1   120.84768   1   179.87769   1    32  28  26
C       1.20379   1   180.00000   1   104.08543   1    35  32  28
H       1.08354   1   119.81259   1   179.46968   1    17  15  14
H       1.06665   1   179.99794   1    77.14286   1     1   2   3
H       1.06665   1   179.99794   1    77.14286   1    24  22  21
H       1.06666   1   180.00000   1   177.91400   1    36  32  28
          40
 Point           5
 
C       0.00000   0     0.00000   0     0.00000   0     0   0   0
C       1.20440   1     0.00000   0     0.00000   0     1   0   0
C       1.42353   1   179.99593   1     0.00000   0     2   1   0
C       1.40614   1   120.84314   1   142.47561   1     3   2   1
C       1.40614   1   120.84464   1   -37.52381   1     3   2   1
C       1.37653   1   121.00820   1   179.94291   1     4   3   2
H       1.08350   1   119.16608   1     0.69910   1     4   3   2
C       1.37653   1   121.00637   1   179.93997   1     5   3   2
H       1.08347   1   119.16426   1     0.70044   1     5   3   2
C       1.40685   1   120.41893   1     0.12221   1     8   5   3
H       1.08293   1   120.09913   1  -178.84919   1     6   4   3
H       1.08294   1   120.09540   1  -178.85054   1     8   5   3
N       1.40005   1   120.58399   1   179.94133   1    10   8   5
C       1.40005   1   119.99683   1   -39.68044   1    13  10   8
C       1.40692   1   120.57968   1   140.32366   1    14  13  10
C       1.40685   1   120.58399   1   -39.68044   1    14  13  10
C       1.37653   1   120.41559   1   179.94050   1    15  14  13
H       1.08293   1   119.47204   1    -1.08426   1    15  14  13
C       1.37653   1   120.41893   1   179.94133   1    16  14  13
H       1.08294   1   119.47250   1    -1.07754   1    16  14  13
C       1.40614   1   121.00628   1     0.12214   1    19  16  14
C       1.42353   1   120.84737   1   179.93961   1    21  19  16
H       1.08347   1   119.82499   1   179.35686   1    19  16  14
C       1.20440   1   179.99593   1   -37.52385   1    22  21  19
C       1.40001   1   120.00159   1   140.31956   1    13  10   8
C       1.40689   1   120.58248   1   -39.67859   1    25  13  10
C       1.40689   1   120.58248   1   140.32141   1    25  13  10
C       1.37653   1   120.41789   1   179.94099   1    26  25  13
H       1.08299   1   119.47261   1    -1.07793   1    26  25  13
C       1.37653   1   120.41789   1   179.94099   1    27  25  13
H       1.08299   1   119.47261   1    -1.07793   1    27  25  13
C       1.40618   1   121.01044   1     0.11976   1    28  26  25
H       1.08353   1   119.82369   1   179.35852   1    28  26  25
H       1.08353   1   119.82369   1   179.35852   1    30  27  25
C       1.42346   1   120.84701   1   179.94151   1    32  28  26
C       1.20441   1   180.00000   1    78.85457   1    35  32  28
H       1.08350   1   119.82139   1   179.35660   1    17  15  14
H       1.06663   1   179.99804   1   102.85714   1     1   2   3
H       1.06663   1   179.99804   1   102.85714   1    24  22  21
H       1.06664   1   180.00000   1   177.91400   1    36  32  28
          40
 Point           6
 
C       0.00000   0     0.00000   0     0.00000   0     0   0   0
C       1.20504   1     0.00000   0     0.00000   0     1   0   0
C       1.42174   1   179.99552   1     0.00000   0     2   1   0
C       1.40818   1   120.84167   1   167.60560   1     3   2   1
C       1.40816   1   120.84514   1   -12.39228   1     3   2   1
C       1.37506   1   121.03804   1   180.00741   1     4   3   2
H       1.08346   1   119.12761   1     0.74889   1     4   3   2
C       1.37505   1   121.03717   1   180.00353   1     5   3   2
H       1.08345   1   119.12485   1     0.74724   1     5   3   2
C       1.40949   1   120.37119   1    -0.00628   1     8   5   3
H       1.08288   1   120.15519   1  -178.73457   1     6   4   3
H       1.08288   1   120.15211   1  -178.73647   1     8   5   3
N       1.39787   1   120.56701   1   180.00513   1    10   8   5
C       1.39787   1   119.99661   1   -39.03427   1    13  10   8
C       1.40956   1   120.56232   1   140.97011   1    14  13  10
C       1.40949   1   120.56701   1   -39.03427   1    14  13  10
C       1.37506   1   120.36790   1   180.00390   1    15  14  13
H       1.08288   1   119.46036   1    -1.26095   1    15  14  13
C       1.37505   1   120.37119   1   180.00513   1    16  14  13
H       1.08288   1   119.46025   1    -1.25425   1    16  14  13
C       1.40816   1   121.03710   1    -0.00633   1    19  16  14
C       1.42174   1   120.84696   1   180.00329   1    21  19  16
H       1.08345   1   119.83380   1   179.24486   1    19  16  14
C       1.20504   1   179.99552   1   -12.39231   1    22  21  19
C       1.39784   1   120.00169   1   140.96573   1    13  10   8
C       1.40952   1   120.56506   1   -39.03231   1    25  13  10
C       1.40952   1   120.56506   1   140.96769   1    25  13  10
C       1.37506   1   120.37013   1   180.00439   1    26  25  13
H       1.08293   1   119.46131   1    -1.25447   1    26  25  13
C       1.37506   1   120.37013   1   180.00439   1    27  25  13
H       1.08293   1   119.46131   1    -1.25447   1    27  25  13
C       1.40821   1   121.04036   1    -0.00784   1    28  26  25
H       1.08350   1   119.83219   1   179.24607   1    28  26  25
H       1.08350   1   119.83219   1   179.24607   1    30  27  25
C       1.42167   1   120.84633   1   180.00533   1    32  28  26
C       1.20504   1   180.00000   1    53.62371   1    35  32  28
H       1.08346   1   119.83019   1   179.24353   1    17  15  14
H       1.06662   1   179.99814   1   128.57143   1     1   2   3
H       1.06662   1   179.99814   1   128.57143   1    24  22  21
H       1.06663   1   180.00000   1   177.91400   1    36  32  28
          40
 Point           7
 
C       0.00000   0     0.00000   0     0.00000   0     0   0   0
C       1.20569   1     0.00000   0     0.00000   0     1   0   0
C       1.41995   1   179.99512   1     0.00000   0     2   1   0
C       1.41022   1   120.84020   1   192.73559   1     3   2   1
C       1.41018   1   120.84563   1    12.73925   1     3   2   1
C       1.37358   1   121.06789   1   180.07191   1     4   3   2
H       1.08343   1   119.08914   1     0.79868   1     4   3   2
C       1.37357   1   121.06796   1   180.06708   1     5   3   2
H       1.08344   1   119.08543   1     0.79404   1     5   3   2
C       1.41212   1   120.32345   1    -0.13477   1     8   5   3
H       1.08282   1   120.21126   1  -178.61995   1     6   4   3
H       1.08283   1   120.20881   1  -178.62240   1     8   5   3
N       1.39569   1   120.55002   1   180.06894   1    10   8   5
C       1.39569   1   119.99639   1   -38.38809   1    13  10   8
C       1.41219   1   120.54496   1   141.61657   1    14  13  10
C       1.41212   1   120.55002   1   -38.38809   1    14  13  10
C       1.37358   1   120.32021   1   180.06730   1    15  14  13
H       1.08282   1   119.44869   1    -1.43765   1    15  14  13
C       1.37357   1   120.32345   1   180.06894   1    16  14  13
H       1.08283   1   119.44800   1    -1.43095   1    16  14  13
C       1.41018   1   121.06793   1    -0.13480   1    19  16  14
C       1.41995   1   120.84654   1   180.06696   1    21  19  16
H       1.08344   1   119.84262   1   179.13287   1    19  16  14
C       1.20569   1   179.99512   1    12.73923   1    22  21  19
C       1.39567   1   120.00180   1   141.61191   1    13  10   8
C       1.41215   1   120.54764   1   -38.38602   1    25  13  10
C       1.41215   1   120.54764   1   141.61398   1    25  13  10
C       1.37359   1   120.32237   1   180.06779   1    26  25  13
H       1.08288   1   119.45002   1    -1.43100   1    26  25  13
C       1.37359   1   120.32237   1   180.06779   1    27  25  13
H       1.08288   1   119.45002   1    -1.43100   1    27  25  13
C       1.41025   1   121.07027   1    -0.13544   1    28  26  25
H       1.08347   1   119.84068   1   179.13361   1    28  26  25
H       1.08347   1   119.84068   1   179.13361   1    30  27  25
C       1.41989   1   120.84565   1   180.06916   1    32  28  26
C       1.20567   1   180.00000   1    28.39286   1    35  32  28
H       1.08343   1   119.83899   1   179.13045   1    17  15  14
H       1.06661   1   179.99824   1   154.28571   1     1   2   3
H       1.06661   1   179.99824   1   154.28571   1    24  22  21
H       1.06661   1   180.00000   1   177.91400   1    36  32  28
          40
 Point           8
 
C       0.00000   0     0.00000   0     0.00000   0     0   0   0
C       1.20634   1     0.00000   0     0.00000   0     1   0   0
C       1.41815   1   179.99471   1     0.00000   0     2   1   0
C       1.41226   1   120.83872   1   217.86558   1     3   2   1
C       1.41221   1   120.84613   1    37.87077   1     3   2   1
C       1.37211   1   121.09773   1   180.13641   1     4   3   2
H       1.08339   1   119.05067   1     0.84848   1     4   3   2
C       1.37209   1   121.09875   1   180.13064   1     5   3   2
H       1.08342   1   119.04602   1     0.84084   1     5   3   2
C       1.41475   1   120.27571   1    -0.26326   1     8   5   3
H       1.08277   1   120.26732   1  -178.50532   1     6   4   3
H       1.08277   1   120.26552   1  -178.50833   1     8   5   3
N       1.39352   1   120.53304   1   180.13275   1    10   8   5
C       1.39352   1   119.99618   1   -37.74192   1    13  10   8
C       1.41483   1   120.52760   1   142.26303   1    14  13  10
C       1.41475   1   120.53304   1   -37.74192   1    14  13  10
C       1.37211   1   120.27252   1   180.13070   1    15  14  13
H       1.08277   1   119.43702   1    -1.61434   1    15  14  13
C       1.37209   1   120.27571   1   180.13275   1    16  14  13
H       1.08277   1   119.43575   1    -1.60766   1    16  14  13
C       1.41221   1   121.09875   1    -0.26326   1    19  16  14
C       1.41815   1   120.84613   1   180.13064   1    21  19  16
H       1.08342   1   119.85143   1   179.02087   1    19  16  14
C       1.20634   1   179.99471   1    37.87077   1    22  21  19
C       1.39350   1   120.00191   1   142.25808   1    13  10   8
C       1.41478   1   120.53022   1   -37.73973   1    25  13  10
C       1.41478   1   120.53022   1   142.26027   1    25  13  10
C       1.37212   1   120.27461   1   180.13119   1    26  25  13
H       1.08282   1   119.43872   1    -1.60754   1    26  25  13
C       1.37212   1   120.27461   1   180.13119   1    27  25  13
H       1.08282   1   119.43872   1    -1.60754   1    27  25  13
C       1.41228   1   121.10019   1    -0.26304   1    28  26  25
H       1.08343   1   119.84917   1   179.02116   1    28  26  25
H       1.08343   1   119.84917   1   179.02116   1    30  27  25
C       1.41810   1   120.84498   1   180.13298   1    32  28  26
C       1.20630   1   180.00000   1     3.16200   1    35  32  28
H       1.08339   1   119.84779   1   179.01738   1    17  15  14
H       1.06660   1   179.99834   1   180.00000   1     1   2   3
H       1.06660   1   179.99834   1   180.00000   1    24  22  21
H       1.06660   1   180.00000   1   177.91400   1    36  32  28
