 File hm.chk


 dumping /fiocom/, unit = 1 NFiles =    38 SizExt =     32768 WInBlk =       512
                   defal = F LstWrd =       87552 FType=2 FMxFil=10000

 Number              0             0             0           501           502           503
 Base            77114         40728         87331         42478         43478         77390
 End             77304         41828         87552         43478         47620         77421
 End1            77304         41828         87552         43478         47620         77421
 Wr Pntr         77114         40728         87331         42478         43478         77390
 Rd Pntr         77114         40728         87331         42478         43478         77390
 Length            190          1100           221          1000          4142            31

 Number            507           508           520           521           522           524
 Base            47847         40448         74738         74769         40678         74804
 End             47934         40478         74748         74804         40728         75429
 End1            47934         40478         74748         74804         40728         75429
 Wr Pntr         47847         40448         74738         74769         40678         74804
 Rd Pntr         47847         40448         74738         74769         40678         74804
 Length             87            30            10            35            50           625

 Number            526           536           538           545           548           552
 Base            75429         41828         42153         81323         81351         74748
 End             76054         42153         42478         81351         81951         74769
 End1            76054         42153         42478         81351         81951         74769
 Wr Pntr         75429         41828         42153         81323         81351         74748
 Rd Pntr         75429         41828         42153         81323         81351         74748
 Length            625           325           325            28           600            21

 Number            562           569           577           584           603           605
 Base            68566         81321         74686         47934         81951         76971
 End             74686         81323         74738         47970         82602         76978
 End1            74686         81323         74738         47970         82602         76978
 Wr Pntr         68566         81321         74686         47934         81951         76971
 Rd Pntr         68566         81321         74686         47934         81951         76971
 Length           6120             2            52            36           651             7

 Number            607           619           633           635           670           674
 Base            77042         76054         82602         77457         47620         77304
 End             77066         76971         87331         81321         47847         77390
 End1            77066         76971         87331         81321         47847         77390
 Wr Pntr         77042         76054         82602         77457         47620         77304
 Rd Pntr         77042         76054         82602         77457         47620         77304
 Length             24           917          4729          3864           227            86

 Number            694           695           698           770           989           993
 Base            77066         47970         77421         76978         48184         68184
 End             77114         48184         77457         77042         68184         68384
 End1            77114         48184         77457         77042         68184         68384
 Wr Pntr         77066         47970         77421         76978         48184         68184
 Rd Pntr         77066         47970         77421         76978         48184         68184
 Length             48           214            36            64         20000           200

 Number            997           998
 Base            68384         40478
 End             68566         40678
 End1            68566         40678
 Wr Pntr         68384         40478
 Rd Pntr         68384         40478
 Length            182           200
 NUsed=  35 NFree=   3 NWUsed=       45593 NWInt=        1290 NWEnd=         221 NHiFil= 998
 Dump of file   635 length          3864 (read left to right):
       0.14821969-322      0.79050503-321      0.00000000D+00      0.39525252-321      0.00000000D+00
       0.39525252-321      0.59287878-322      0.00000000D+00      0.00000000D+00      0.00000000D+00
       0.00000000D+00      0.00000000D+00     -0.11786467D-15      0.40911327D-15      0.14127376D-17
       0.86726454D-17     -0.48774058D-16      0.91743677D-02     -0.42496198D-17     -0.63567305D-16
       0.28197131D-03     -0.15793741D-16     -0.58578428D-02     -0.55820248D-19     -0.32592552D-16
       0.21435083D-17      0.19154119D-02      0.19549302D-04      0.24198004D-16      0.84287251D-16
       0.11588001D-18      0.43199634D-16     -0.34920230D-16      0.45976281D-15      0.11650991D-15
      -0.43681710D-17     -0.58566100D-17      0.11850814D-03     -0.29769428D-16     -0.21352622D-17
      -0.11516532D-01      0.43260769D-17      0.12323926D-03      0.25769972D-16      0.68716556D-17
      -0.20251012D-16      0.11695764D-04     -0.32498901D-02     -0.41103667D-17     -0.66565784D-18
      -0.71906202D-16     -0.11777548D-17     -0.77740420D-15      0.98009467D-17      0.30544635D-15
       0.89817828D-17      0.32230067D-15     -0.88782356D-02      0.46806752D-17     -0.27671574D-16
      -0.61700873D-04     -0.48778670D-17     -0.93830741D-02      0.15501599D-17      0.47527443D-17
       0.88044009D-17      0.25947343D-02     -0.19058346D-03      0.96451175D-17      0.44528083D-16
      -0.27063699D-17     -0.37852247D-16      0.69071247D+00      0.31878196D-02      0.40252509D-03
      -0.29675242D-02      0.14262153D-01      0.36600032D-15      0.35695896D-03     -0.46470252D-02
       0.56199733D-17     -0.83796866D-02     -0.30054266D-16      0.11526326D-03      0.99529392D-02
       0.88323213D-04     -0.29513304D-16      0.65652431D-17      0.36025366D-03      0.47180054D-03
       0.51120502D-05     -0.17304242D-02     -0.11786467D-15      0.40911327D-15      0.14127376D-17
       0.86726454D-17     -0.48774058D-16      0.91743677D-02     -0.42496198D-17     -0.63567305D-16
       0.28197131D-03     -0.15793741D-16     -0.58578428D-02     -0.55820248D-19     -0.32592552D-16
       0.21435083D-17      0.19154119D-02      0.19549302D-04      0.24198004D-16      0.84287251D-16
       0.11588001D-18      0.43199634D-16     -0.34920230D-16      0.45976281D-15      0.11650991D-15
      -0.43681710D-17     -0.58566100D-17      0.11850814D-03     -0.29769428D-16     -0.21352622D-17
      -0.11516532D-01      0.43260769D-17      0.12323926D-03      0.25769972D-16      0.68716556D-17
      -0.20251012D-16      0.11695764D-04     -0.32498901D-02     -0.41103667D-17     -0.66565784D-18
      -0.71906202D-16     -0.11777548D-17     -0.77740420D-15      0.98009467D-17      0.30544635D-15
       0.89817828D-17      0.32230067D-15     -0.88782356D-02      0.46806752D-17     -0.27671574D-16
      -0.61700873D-04     -0.48778670D-17     -0.93830741D-02      0.15501599D-17      0.47527443D-17
       0.88044009D-17      0.25947343D-02     -0.19058346D-03      0.96451175D-17      0.44528083D-16
      -0.27063699D-17     -0.37852247D-16      0.69071247D+00      0.31878196D-02      0.40252509D-03
      -0.29675242D-02      0.14262153D-01      0.36600032D-15      0.35695896D-03     -0.46470252D-02
       0.56199733D-17     -0.83796866D-02     -0.30054266D-16      0.11526326D-03      0.99529392D-02
       0.88323213D-04     -0.29513304D-16      0.65652431D-17      0.36025366D-03      0.47180054D-03
       0.51120502D-05     -0.17304242D-02      0.41622046D-13     -0.22318724D-14      0.67426907D-15
      -0.18571014D-13     -0.61461871D-14     -0.38839456D-03     -0.69346606D-16     -0.15175507D-13
       0.70893193D-02     -0.72930786D-14      0.21190297D-03     -0.59982915D-16     -0.58681607D-15
       0.14707387D-16     -0.32105232D-04      0.16484269D-02      0.21240176D-14      0.35068196D-14
       0.19992230D-16      0.93801124D-15     -0.96519784D-14     -0.12345904D-12     -0.23982128D-13
       0.99585395D-15     -0.64983036D-16      0.27112396D-02     -0.24893528D-13     -0.60076044D-15
       0.42412547D-03      0.52157667D-15      0.24266211D-02      0.37864309D-14      0.36314401D-15
       0.23311309D-14      0.21346239D-02      0.12146667D-03     -0.19608177D-15      0.33957648D-16
      -0.26631869D-14     -0.64219798D-16     -0.92915728D-12     -0.17521431D-14      0.84847286D-15
      -0.68682479D-14      0.20166784D-13      0.35044531D-03     -0.94364874D-15      0.23495549D-14
      -0.50803610D-03      0.90616318D-14      0.40833661D-03      0.73647309D-16      0.35677159D-14
       0.52241044D-15     -0.16309650D-03     -0.29316605D-02     -0.33445328D-15      0.96186516D-16
      -0.25317834D-15     -0.10374314D-16     -0.26461047D-02      0.70045116D+00      0.16037271D-01
       0.47408883D-03     -0.12504874D-03     -0.46608918D-13      0.16935669D-01      0.25379864D-03
       0.13035261D-14      0.32717386D-03     -0.52179531D-14      0.13304835D-02     -0.43211292D-03
       0.15510855D-02     -0.25130585D-14      0.42863812D-15     -0.17025953D-04     -0.21174341D-04
       0.63994726D-04      0.73673281D-04      0.41622046D-13     -0.22318724D-14      0.67426907D-15
      -0.18571014D-13     -0.61461871D-14     -0.38839456D-03     -0.69346606D-16     -0.15175507D-13
       0.70893193D-02     -0.72930786D-14      0.21190297D-03     -0.59982915D-16     -0.58681607D-15
       0.14707387D-16     -0.32105232D-04      0.16484269D-02      0.21240176D-14      0.35068196D-14
       0.19992230D-16      0.93801124D-15     -0.96519784D-14     -0.12345904D-12     -0.23982128D-13
       0.99585395D-15     -0.64983036D-16      0.27112396D-02     -0.24893528D-13     -0.60076044D-15
       0.42412547D-03      0.52157667D-15      0.24266211D-02      0.37864309D-14      0.36314401D-15
       0.23311309D-14      0.21346239D-02      0.12146667D-03     -0.19608177D-15      0.33957648D-16
      -0.26631869D-14     -0.64219798D-16     -0.92915728D-12     -0.17521431D-14      0.84847286D-15
      -0.68682479D-14      0.20166784D-13      0.35044531D-03     -0.94364874D-15      0.23495549D-14
      -0.50803610D-03      0.90616318D-14      0.40833661D-03      0.73647309D-16      0.35677159D-14
       0.52241044D-15     -0.16309650D-03     -0.29316605D-02     -0.33445328D-15      0.96186516D-16
      -0.25317834D-15     -0.10374314D-16     -0.26461047D-02      0.70045116D+00      0.16037271D-01
       0.47408883D-03     -0.12504874D-03     -0.46608918D-13      0.16935669D-01      0.25379864D-03
       0.13035261D-14      0.32717386D-03     -0.52179531D-14      0.13304835D-02     -0.43211292D-03
       0.15510855D-02     -0.25130585D-14      0.42863812D-15     -0.17025953D-04     -0.21174341D-04
       0.63994726D-04      0.73673281D-04     -0.30583952D-01      0.16637100D-02     -0.49614602D-03
       0.13664437D-01      0.45237388D-02     -0.34270100D-15      0.50942293D-04      0.11166630D-01
       0.95312814D-14      0.53678655D-02      0.22685356D-15      0.44133832D-04      0.43107228D-03
      -0.10759738D-04     -0.83769208D-16      0.22764388D-14     -0.15637428D-02     -0.25794359D-02
      -0.14735659D-04     -0.68956160D-03      0.69216438D-02      0.90748124D-01      0.17646222D-01
      -0.73260096D-03      0.47473833D-04      0.36321423D-14      0.18317304D-01      0.44213718D-03
       0.50647566D-15     -0.38381361D-03      0.32685234D-14     -0.27871255D-02     -0.26716737D-03
      -0.17171328D-02      0.28779217D-14      0.17489744D-15      0.14428031D-03     -0.25040018D-04
       0.19588202D-02      0.47291150D-04      0.68374774D+00      0.14803919D-02     -0.58344676D-03
       0.50222885D-02     -0.14838823D-01      0.79300193D-15      0.69386260D-03     -0.17197455D-02
      -0.66182613D-15     -0.66676374D-02      0.58982975D-15     -0.54181129D-04     -0.26246152D-02
      -0.38444696D-03     -0.20723551D-15     -0.39593179D-14      0.24649470D-03     -0.71161106D-04
       0.18633359D-03      0.53181116D-05     -0.29210600D-14      0.93561941D-12      0.21506048D-13
       0.72637821D-15     -0.93208467D-15      0.34310919D-01      0.22531168D-13      0.49537029D-15
      -0.95916676D-03      0.48157626D-15      0.38402878D-02      0.17715964D-14     -0.49590004D-15
       0.20237613D-14      0.18491749D-02     -0.31542558D-03     -0.26418585D-16     -0.29865952D-16
       0.49096229D-16      0.15524912D-15     -0.30583952D-01      0.16637100D-02     -0.49614602D-03
       0.13664437D-01      0.45237388D-02     -0.34270100D-15      0.50942293D-04      0.11166630D-01
       0.95312814D-14      0.53678655D-02      0.22685356D-15      0.44133832D-04      0.43107228D-03
      -0.10759738D-04     -0.83769208D-16      0.22764388D-14     -0.15637428D-02     -0.25794359D-02
      -0.14735659D-04     -0.68956160D-03      0.69216438D-02      0.90748124D-01      0.17646222D-01
      -0.73260096D-03      0.47473833D-04      0.36321423D-14      0.18317304D-01      0.44213718D-03
       0.50647566D-15     -0.38381361D-03      0.32685234D-14     -0.27871255D-02     -0.26716737D-03
      -0.17171328D-02      0.28779217D-14      0.17489744D-15      0.14428031D-03     -0.25040018D-04
       0.19588202D-02      0.47291150D-04      0.68374774D+00      0.14803919D-02     -0.58344676D-03
       0.50222885D-02     -0.14838823D-01      0.79300193D-15      0.69386260D-03     -0.17197455D-02
      -0.66182613D-15     -0.66676374D-02      0.58982975D-15     -0.54181129D-04     -0.26246152D-02
      -0.38444696D-03     -0.20723551D-15     -0.39593179D-14      0.24649470D-03     -0.71161106D-04
       0.18633359D-03      0.53181116D-05     -0.29210600D-14      0.93561941D-12      0.21506048D-13
       0.72637821D-15     -0.93208467D-15      0.34310919D-01      0.22531168D-13      0.49537029D-15
      -0.95916676D-03      0.48157626D-15      0.38402878D-02      0.17715964D-14     -0.49590004D-15
       0.20237613D-14      0.18491749D-02     -0.31542558D-03     -0.26418585D-16     -0.29865952D-16
       0.49096229D-16      0.15524912D-15      0.25981969D-02      0.24197604D-01      0.00000000D+00
       0.00000000D+00      0.00000000D+00      0.00000000D+00      0.00000000D+00      0.00000000D+00
       0.00000000D+00      0.00000000D+00      0.00000000D+00      0.00000000D+00      0.00000000D+00
       0.00000000D+00      0.00000000D+00      0.00000000D+00      0.00000000D+00      0.00000000D+00
       0.00000000D+00      0.00000000D+00      0.12209175D+00     -0.80994939D-02      0.00000000D+00
       0.00000000D+00      0.00000000D+00      0.00000000D+00      0.00000000D+00      0.00000000D+00
       0.00000000D+00      0.00000000D+00      0.00000000D+00      0.00000000D+00      0.00000000D+00
       0.00000000D+00      0.00000000D+00      0.00000000D+00      0.00000000D+00      0.00000000D+00
       0.00000000D+00      0.00000000D+00     -0.16482885D-02      0.67866977D+00     -0.34154344D-01
      -0.22188322D-02      0.00000000D+00      0.00000000D+00      0.00000000D+00      0.00000000D+00
       0.00000000D+00      0.00000000D+00      0.00000000D+00      0.00000000D+00      0.00000000D+00
       0.00000000D+00      0.00000000D+00      0.00000000D+00      0.00000000D+00      0.00000000D+00
       0.00000000D+00      0.00000000D+00     -0.48320412D-17      0.11849190D-15     -0.26645577D-15
       0.13885854D-15      0.00000000D+00      0.00000000D+00      0.00000000D+00      0.00000000D+00
       0.00000000D+00      0.00000000D+00      0.00000000D+00      0.00000000D+00      0.00000000D+00
       0.00000000D+00      0.00000000D+00      0.00000000D+00      0.00000000D+00      0.00000000D+00
       0.00000000D+00      0.00000000D+00      0.25981969D-02      0.24197604D-01      0.00000000D+00
       0.00000000D+00      0.00000000D+00      0.00000000D+00      0.00000000D+00      0.00000000D+00
       0.00000000D+00      0.00000000D+00      0.00000000D+00      0.00000000D+00      0.00000000D+00
       0.00000000D+00      0.00000000D+00      0.00000000D+00      0.00000000D+00      0.00000000D+00
       0.00000000D+00      0.00000000D+00      0.12209175D+00     -0.80994939D-02      0.00000000D+00
       0.00000000D+00      0.00000000D+00      0.00000000D+00      0.00000000D+00      0.00000000D+00
       0.00000000D+00      0.00000000D+00      0.00000000D+00      0.00000000D+00      0.00000000D+00
       0.00000000D+00      0.00000000D+00      0.00000000D+00      0.00000000D+00      0.00000000D+00
       0.00000000D+00      0.00000000D+00     -0.16482885D-02      0.67866977D+00     -0.34154344D-01
      -0.22188322D-02      0.00000000D+00      0.00000000D+00      0.00000000D+00      0.00000000D+00
       0.00000000D+00      0.00000000D+00      0.00000000D+00      0.00000000D+00      0.00000000D+00
       0.00000000D+00      0.00000000D+00      0.00000000D+00      0.00000000D+00      0.00000000D+00
       0.00000000D+00      0.00000000D+00     -0.48320412D-17      0.11849190D-15     -0.26645577D-15
       0.13885854D-15      0.00000000D+00      0.00000000D+00      0.00000000D+00      0.00000000D+00
       0.00000000D+00      0.00000000D+00      0.00000000D+00      0.00000000D+00      0.00000000D+00
       0.00000000D+00      0.00000000D+00      0.00000000D+00      0.00000000D+00      0.00000000D+00
       0.00000000D+00      0.00000000D+00      0.20746380D-02      0.68415563D-02      0.00000000D+00
       0.00000000D+00      0.00000000D+00      0.00000000D+00      0.00000000D+00      0.00000000D+00
       0.00000000D+00      0.00000000D+00      0.00000000D+00      0.00000000D+00      0.00000000D+00
       0.00000000D+00      0.00000000D+00      0.00000000D+00      0.00000000D+00      0.00000000D+00
       0.00000000D+00      0.00000000D+00      0.67645102D+00     -0.12417552D-01      0.00000000D+00
       0.00000000D+00      0.00000000D+00      0.00000000D+00      0.00000000D+00      0.00000000D+00
       0.00000000D+00      0.00000000D+00      0.00000000D+00      0.00000000D+00      0.00000000D+00
       0.00000000D+00      0.00000000D+00      0.00000000D+00      0.00000000D+00      0.00000000D+00
       0.00000000D+00      0.00000000D+00     -0.47728250D-02     -0.10688073D+00      0.42502500D-01
       0.25289660D-04      0.00000000D+00      0.00000000D+00      0.00000000D+00      0.00000000D+00
       0.00000000D+00      0.00000000D+00      0.00000000D+00      0.00000000D+00      0.00000000D+00
       0.00000000D+00      0.00000000D+00      0.00000000D+00      0.00000000D+00      0.00000000D+00
       0.00000000D+00      0.00000000D+00      0.19519094D-17     -0.73514047D-17     -0.18059826D-16
       0.23831770D-15      0.00000000D+00      0.00000000D+00      0.00000000D+00      0.00000000D+00
       0.00000000D+00      0.00000000D+00      0.00000000D+00      0.00000000D+00      0.00000000D+00
       0.00000000D+00      0.00000000D+00      0.00000000D+00      0.00000000D+00      0.00000000D+00
       0.00000000D+00      0.00000000D+00      0.20746380D-02      0.68415563D-02      0.00000000D+00
       0.00000000D+00      0.00000000D+00      0.00000000D+00      0.00000000D+00      0.00000000D+00
       0.00000000D+00      0.00000000D+00      0.00000000D+00      0.00000000D+00      0.00000000D+00
       0.00000000D+00      0.00000000D+00      0.00000000D+00      0.00000000D+00      0.00000000D+00
       0.00000000D+00      0.00000000D+00      0.67645102D+00     -0.12417552D-01      0.00000000D+00
       0.00000000D+00      0.00000000D+00      0.00000000D+00      0.00000000D+00      0.00000000D+00
       0.00000000D+00      0.00000000D+00      0.00000000D+00      0.00000000D+00      0.00000000D+00
       0.00000000D+00      0.00000000D+00      0.00000000D+00      0.00000000D+00      0.00000000D+00
       0.00000000D+00      0.00000000D+00     -0.47728250D-02     -0.10688073D+00      0.42502500D-01
       0.25289660D-04      0.00000000D+00      0.00000000D+00      0.00000000D+00      0.00000000D+00
       0.00000000D+00      0.00000000D+00      0.00000000D+00      0.00000000D+00      0.00000000D+00
       0.00000000D+00      0.00000000D+00      0.00000000D+00      0.00000000D+00      0.00000000D+00
       0.00000000D+00      0.00000000D+00      0.19519094D-17     -0.73514047D-17     -0.18059826D-16
       0.23831770D-15      0.00000000D+00      0.00000000D+00      0.00000000D+00      0.00000000D+00
       0.00000000D+00      0.00000000D+00      0.00000000D+00      0.00000000D+00      0.00000000D+00
       0.00000000D+00      0.00000000D+00      0.00000000D+00      0.00000000D+00      0.00000000D+00
       0.00000000D+00      0.00000000D+00      0.12360933D+00     -0.44311670D-02      0.00000000D+00
       0.00000000D+00      0.00000000D+00      0.00000000D+00      0.00000000D+00      0.00000000D+00
       0.00000000D+00      0.00000000D+00      0.00000000D+00      0.00000000D+00      0.00000000D+00
       0.00000000D+00      0.00000000D+00      0.00000000D+00      0.00000000D+00      0.00000000D+00
       0.00000000D+00      0.00000000D+00      0.10076284D-01      0.64315783D+00      0.00000000D+00
       0.00000000D+00      0.00000000D+00      0.00000000D+00      0.00000000D+00      0.00000000D+00
       0.00000000D+00      0.00000000D+00      0.00000000D+00      0.00000000D+00      0.00000000D+00
       0.00000000D+00      0.00000000D+00      0.00000000D+00      0.00000000D+00      0.00000000D+00
       0.00000000D+00      0.00000000D+00     -0.65142716D-01      0.36193936D-02      0.48800633D-03
      -0.11624452D+00      0.00000000D+00      0.00000000D+00      0.00000000D+00      0.00000000D+00
       0.00000000D+00      0.00000000D+00      0.00000000D+00      0.00000000D+00      0.00000000D+00
       0.00000000D+00      0.00000000D+00      0.00000000D+00      0.00000000D+00      0.00000000D+00
       0.00000000D+00      0.00000000D+00     -0.67324160D-16      0.54762674D-16     -0.22973317D-15
       0.18941252D-16      0.00000000D+00      0.00000000D+00      0.00000000D+00      0.00000000D+00
       0.00000000D+00      0.00000000D+00      0.00000000D+00      0.00000000D+00      0.00000000D+00
       0.00000000D+00      0.00000000D+00      0.00000000D+00      0.00000000D+00      0.00000000D+00
       0.00000000D+00      0.00000000D+00      0.12360933D+00     -0.44311670D-02      0.00000000D+00
       0.00000000D+00      0.00000000D+00      0.00000000D+00      0.00000000D+00      0.00000000D+00
       0.00000000D+00      0.00000000D+00      0.00000000D+00      0.00000000D+00      0.00000000D+00
       0.00000000D+00      0.00000000D+00      0.00000000D+00      0.00000000D+00      0.00000000D+00
       0.00000000D+00      0.00000000D+00      0.10076284D-01      0.64315783D+00      0.00000000D+00
       0.00000000D+00      0.00000000D+00      0.00000000D+00      0.00000000D+00      0.00000000D+00
       0.00000000D+00      0.00000000D+00      0.00000000D+00      0.00000000D+00      0.00000000D+00
       0.00000000D+00      0.00000000D+00      0.00000000D+00      0.00000000D+00      0.00000000D+00
       0.00000000D+00      0.00000000D+00     -0.65142716D-01      0.36193936D-02      0.48800633D-03
      -0.11624452D+00      0.00000000D+00      0.00000000D+00      0.00000000D+00      0.00000000D+00
       0.00000000D+00      0.00000000D+00      0.00000000D+00      0.00000000D+00      0.00000000D+00
       0.00000000D+00      0.00000000D+00      0.00000000D+00      0.00000000D+00      0.00000000D+00
       0.00000000D+00      0.00000000D+00     -0.67324160D-16      0.54762674D-16     -0.22973317D-15
       0.18941252D-16      0.00000000D+00      0.00000000D+00      0.00000000D+00      0.00000000D+00
       0.00000000D+00      0.00000000D+00      0.00000000D+00      0.00000000D+00      0.00000000D+00
       0.00000000D+00      0.00000000D+00      0.00000000D+00      0.00000000D+00      0.00000000D+00
       0.00000000D+00      0.00000000D+00      0.44578078D-15      0.31625581D-15      0.00000000D+00
       0.00000000D+00      0.00000000D+00      0.00000000D+00      0.00000000D+00      0.00000000D+00
       0.00000000D+00      0.00000000D+00      0.00000000D+00      0.00000000D+00      0.00000000D+00
       0.00000000D+00      0.00000000D+00      0.00000000D+00      0.00000000D+00      0.00000000D+00
       0.00000000D+00      0.00000000D+00     -0.13494072D-15      0.29760277D-15      0.00000000D+00
       0.00000000D+00      0.00000000D+00      0.00000000D+00      0.00000000D+00      0.00000000D+00
       0.00000000D+00      0.00000000D+00      0.00000000D+00      0.00000000D+00      0.00000000D+00
       0.00000000D+00      0.00000000D+00      0.00000000D+00      0.00000000D+00      0.00000000D+00
       0.00000000D+00      0.00000000D+00     -0.38954107D-16      0.45774903D-15      0.48233909D-15
       0.11556085D-14      0.00000000D+00      0.00000000D+00      0.00000000D+00      0.00000000D+00
       0.00000000D+00      0.00000000D+00      0.00000000D+00      0.00000000D+00      0.00000000D+00
       0.00000000D+00      0.00000000D+00      0.00000000D+00      0.00000000D+00      0.00000000D+00
       0.00000000D+00      0.00000000D+00     -0.63919612D-03     -0.20575829D-01      0.70533191D+00
       0.19978676D-01      0.00000000D+00      0.00000000D+00      0.00000000D+00      0.00000000D+00
       0.00000000D+00      0.00000000D+00      0.00000000D+00      0.00000000D+00      0.00000000D+00
       0.00000000D+00      0.00000000D+00      0.00000000D+00      0.00000000D+00      0.00000000D+00
       0.00000000D+00      0.00000000D+00      0.44578078D-15      0.31625581D-15      0.00000000D+00
       0.00000000D+00      0.00000000D+00      0.00000000D+00      0.00000000D+00      0.00000000D+00
       0.00000000D+00      0.00000000D+00      0.00000000D+00      0.00000000D+00      0.00000000D+00
       0.00000000D+00      0.00000000D+00      0.00000000D+00      0.00000000D+00      0.00000000D+00
       0.00000000D+00      0.00000000D+00     -0.13494072D-15      0.29760277D-15      0.00000000D+00
       0.00000000D+00      0.00000000D+00      0.00000000D+00      0.00000000D+00      0.00000000D+00
       0.00000000D+00      0.00000000D+00      0.00000000D+00      0.00000000D+00      0.00000000D+00
       0.00000000D+00      0.00000000D+00      0.00000000D+00      0.00000000D+00      0.00000000D+00
       0.00000000D+00      0.00000000D+00     -0.38954107D-16      0.45774903D-15      0.48233909D-15
       0.11556085D-14      0.00000000D+00      0.00000000D+00      0.00000000D+00      0.00000000D+00
       0.00000000D+00      0.00000000D+00      0.00000000D+00      0.00000000D+00      0.00000000D+00
       0.00000000D+00      0.00000000D+00      0.00000000D+00      0.00000000D+00      0.00000000D+00
       0.00000000D+00      0.00000000D+00     -0.63919612D-03     -0.20575829D-01      0.70533191D+00
       0.19978676D-01      0.00000000D+00      0.00000000D+00      0.00000000D+00      0.00000000D+00
       0.00000000D+00      0.00000000D+00      0.00000000D+00      0.00000000D+00      0.00000000D+00
       0.00000000D+00      0.00000000D+00      0.00000000D+00      0.00000000D+00      0.00000000D+00
       0.00000000D+00      0.00000000D+00     -0.10930823D-13     -0.53641740D-14      0.00000000D+00
       0.00000000D+00      0.00000000D+00      0.00000000D+00      0.00000000D+00      0.00000000D+00
       0.00000000D+00      0.00000000D+00      0.00000000D+00      0.00000000D+00      0.00000000D+00
       0.00000000D+00      0.00000000D+00      0.00000000D+00      0.00000000D+00      0.00000000D+00
       0.00000000D+00      0.00000000D+00     -0.21500621D-15      0.59451090D-15      0.00000000D+00
       0.00000000D+00      0.00000000D+00      0.00000000D+00      0.00000000D+00      0.00000000D+00
       0.00000000D+00      0.00000000D+00      0.00000000D+00      0.00000000D+00      0.00000000D+00
       0.00000000D+00      0.00000000D+00      0.00000000D+00      0.00000000D+00      0.00000000D+00
       0.00000000D+00      0.00000000D+00     -0.11710577D-15      0.16874324D-15     -0.38977469D-14
      -0.47116100D-14      0.00000000D+00      0.00000000D+00      0.00000000D+00      0.00000000D+00
       0.00000000D+00      0.00000000D+00      0.00000000D+00      0.00000000D+00      0.00000000D+00
       0.00000000D+00      0.00000000D+00      0.00000000D+00      0.00000000D+00      0.00000000D+00
       0.00000000D+00      0.00000000D+00      0.13834261D-01     -0.34218105D-03     -0.19507549D-01
       0.69692755D+00      0.00000000D+00      0.00000000D+00      0.00000000D+00      0.00000000D+00
       0.00000000D+00      0.00000000D+00      0.00000000D+00      0.00000000D+00      0.00000000D+00
       0.00000000D+00      0.00000000D+00      0.00000000D+00      0.00000000D+00      0.00000000D+00
       0.00000000D+00      0.00000000D+00     -0.10930823D-13     -0.53641740D-14      0.00000000D+00
       0.00000000D+00      0.00000000D+00      0.00000000D+00      0.00000000D+00      0.00000000D+00
       0.00000000D+00      0.00000000D+00      0.00000000D+00      0.00000000D+00      0.00000000D+00
       0.00000000D+00      0.00000000D+00      0.00000000D+00      0.00000000D+00      0.00000000D+00
       0.00000000D+00      0.00000000D+00     -0.21500621D-15      0.59451090D-15      0.00000000D+00
       0.00000000D+00      0.00000000D+00      0.00000000D+00      0.00000000D+00      0.00000000D+00
       0.00000000D+00      0.00000000D+00      0.00000000D+00      0.00000000D+00      0.00000000D+00
       0.00000000D+00      0.00000000D+00      0.00000000D+00      0.00000000D+00      0.00000000D+00
       0.00000000D+00      0.00000000D+00     -0.11710577D-15      0.16874324D-15     -0.38977469D-14
      -0.47116100D-14      0.00000000D+00      0.00000000D+00      0.00000000D+00      0.00000000D+00
       0.00000000D+00      0.00000000D+00      0.00000000D+00      0.00000000D+00      0.00000000D+00
       0.00000000D+00      0.00000000D+00      0.00000000D+00      0.00000000D+00      0.00000000D+00
       0.00000000D+00      0.00000000D+00      0.13834261D-01     -0.34218105D-03     -0.19507549D-01
       0.69692755D+00      0.00000000D+00      0.00000000D+00      0.00000000D+00      0.00000000D+00
       0.00000000D+00      0.00000000D+00      0.00000000D+00      0.00000000D+00      0.00000000D+00
       0.00000000D+00      0.00000000D+00      0.00000000D+00      0.00000000D+00      0.00000000D+00
       0.00000000D+00      0.00000000D+00      0.59175953D+00      0.67828393D-02      0.00000000D+00
       0.00000000D+00      0.00000000D+00      0.00000000D+00      0.00000000D+00      0.00000000D+00
       0.00000000D+00      0.00000000D+00      0.00000000D+00      0.00000000D+00      0.00000000D+00
       0.00000000D+00      0.00000000D+00      0.00000000D+00      0.00000000D+00      0.00000000D+00
       0.00000000D+00      0.00000000D+00     -0.95345895D-03     -0.23430735D-01      0.00000000D+00
       0.00000000D+00      0.00000000D+00      0.00000000D+00      0.00000000D+00      0.00000000D+00
       0.00000000D+00      0.00000000D+00      0.00000000D+00      0.00000000D+00      0.00000000D+00
       0.00000000D+00      0.00000000D+00      0.00000000D+00      0.00000000D+00      0.00000000D+00
       0.00000000D+00      0.00000000D+00      0.17313330D-01     -0.99485579D-03     -0.61998507D-02
       0.36768912D+00      0.00000000D+00      0.00000000D+00      0.00000000D+00      0.00000000D+00
       0.00000000D+00      0.00000000D+00      0.00000000D+00      0.00000000D+00      0.00000000D+00
       0.00000000D+00      0.00000000D+00      0.00000000D+00      0.00000000D+00      0.00000000D+00
       0.00000000D+00      0.00000000D+00      0.21905932D-15      0.10977154D-16     -0.11627892D-14
       0.12132424D-13      0.00000000D+00      0.00000000D+00      0.00000000D+00      0.00000000D+00
       0.00000000D+00      0.00000000D+00      0.00000000D+00      0.00000000D+00      0.00000000D+00
       0.00000000D+00      0.00000000D+00      0.00000000D+00      0.00000000D+00      0.00000000D+00
       0.00000000D+00      0.00000000D+00      0.59175953D+00      0.67828393D-02      0.00000000D+00
       0.00000000D+00      0.00000000D+00      0.00000000D+00      0.00000000D+00      0.00000000D+00
       0.00000000D+00      0.00000000D+00      0.00000000D+00      0.00000000D+00      0.00000000D+00
       0.00000000D+00      0.00000000D+00      0.00000000D+00      0.00000000D+00      0.00000000D+00
       0.00000000D+00      0.00000000D+00     -0.95345895D-03     -0.23430735D-01      0.00000000D+00
       0.00000000D+00      0.00000000D+00      0.00000000D+00      0.00000000D+00      0.00000000D+00
       0.00000000D+00      0.00000000D+00      0.00000000D+00      0.00000000D+00      0.00000000D+00
       0.00000000D+00      0.00000000D+00      0.00000000D+00      0.00000000D+00      0.00000000D+00
       0.00000000D+00      0.00000000D+00      0.17313330D-01     -0.99485579D-03     -0.61998507D-02
       0.36768912D+00      0.00000000D+00      0.00000000D+00      0.00000000D+00      0.00000000D+00
       0.00000000D+00      0.00000000D+00      0.00000000D+00      0.00000000D+00      0.00000000D+00
       0.00000000D+00      0.00000000D+00      0.00000000D+00      0.00000000D+00      0.00000000D+00
       0.00000000D+00      0.00000000D+00      0.21905932D-15      0.10977154D-16     -0.11627892D-14
       0.12132424D-13      0.00000000D+00      0.00000000D+00      0.00000000D+00      0.00000000D+00
       0.00000000D+00      0.00000000D+00      0.00000000D+00      0.00000000D+00      0.00000000D+00
       0.00000000D+00      0.00000000D+00      0.00000000D+00      0.00000000D+00      0.00000000D+00
       0.00000000D+00      0.00000000D+00      0.98190627D-02      0.57864294D+00      0.00000000D+00
       0.00000000D+00      0.00000000D+00      0.00000000D+00      0.00000000D+00      0.00000000D+00
       0.00000000D+00      0.00000000D+00      0.00000000D+00      0.00000000D+00      0.00000000D+00
       0.00000000D+00      0.00000000D+00      0.00000000D+00      0.00000000D+00      0.00000000D+00
       0.00000000D+00      0.00000000D+00     -0.13545708D-01     -0.11840434D-02      0.00000000D+00
       0.00000000D+00      0.00000000D+00      0.00000000D+00      0.00000000D+00      0.00000000D+00
       0.00000000D+00      0.00000000D+00      0.00000000D+00      0.00000000D+00      0.00000000D+00
       0.00000000D+00      0.00000000D+00      0.00000000D+00      0.00000000D+00      0.00000000D+00
       0.00000000D+00      0.00000000D+00     -0.58635964D-03     -0.60759906D-02      0.39367133D+00
      -0.21237674D-01      0.00000000D+00      0.00000000D+00      0.00000000D+00      0.00000000D+00
       0.00000000D+00      0.00000000D+00      0.00000000D+00      0.00000000D+00      0.00000000D+00
       0.00000000D+00      0.00000000D+00      0.00000000D+00      0.00000000D+00      0.00000000D+00
       0.00000000D+00      0.00000000D+00      0.15321312D-15      0.87188912D-18     -0.83840499D-15
       0.70037991D-14      0.00000000D+00      0.00000000D+00      0.00000000D+00      0.00000000D+00
       0.00000000D+00      0.00000000D+00      0.00000000D+00      0.00000000D+00      0.00000000D+00
       0.00000000D+00      0.00000000D+00      0.00000000D+00      0.00000000D+00      0.00000000D+00
       0.00000000D+00      0.00000000D+00      0.98190627D-02      0.57864294D+00      0.00000000D+00
       0.00000000D+00      0.00000000D+00      0.00000000D+00      0.00000000D+00      0.00000000D+00
       0.00000000D+00      0.00000000D+00      0.00000000D+00      0.00000000D+00      0.00000000D+00
       0.00000000D+00      0.00000000D+00      0.00000000D+00      0.00000000D+00      0.00000000D+00
       0.00000000D+00      0.00000000D+00     -0.13545708D-01     -0.11840434D-02      0.00000000D+00
       0.00000000D+00      0.00000000D+00      0.00000000D+00      0.00000000D+00      0.00000000D+00
       0.00000000D+00      0.00000000D+00      0.00000000D+00      0.00000000D+00      0.00000000D+00
       0.00000000D+00      0.00000000D+00      0.00000000D+00      0.00000000D+00      0.00000000D+00
       0.00000000D+00      0.00000000D+00     -0.58635964D-03     -0.60759906D-02      0.39367133D+00
      -0.21237674D-01      0.00000000D+00      0.00000000D+00      0.00000000D+00      0.00000000D+00
       0.00000000D+00      0.00000000D+00      0.00000000D+00      0.00000000D+00      0.00000000D+00
       0.00000000D+00      0.00000000D+00      0.00000000D+00      0.00000000D+00      0.00000000D+00
       0.00000000D+00      0.00000000D+00      0.15321312D-15      0.87188912D-18     -0.83840499D-15
       0.70037991D-14      0.00000000D+00      0.00000000D+00      0.00000000D+00      0.00000000D+00
       0.00000000D+00      0.00000000D+00      0.00000000D+00      0.00000000D+00      0.00000000D+00
       0.00000000D+00      0.00000000D+00      0.00000000D+00      0.00000000D+00      0.00000000D+00
       0.00000000D+00      0.00000000D+00      0.13491871D-01     -0.38567783D+00      0.00000000D+00
       0.00000000D+00      0.00000000D+00      0.00000000D+00      0.00000000D+00      0.00000000D+00
       0.00000000D+00      0.00000000D+00      0.00000000D+00      0.00000000D+00      0.00000000D+00
       0.00000000D+00      0.00000000D+00      0.00000000D+00      0.00000000D+00      0.00000000D+00
       0.00000000D+00      0.00000000D+00     -0.14498659D-01     -0.35344253D-02      0.00000000D+00
       0.00000000D+00      0.00000000D+00      0.00000000D+00      0.00000000D+00      0.00000000D+00
       0.00000000D+00      0.00000000D+00      0.00000000D+00      0.00000000D+00      0.00000000D+00
       0.00000000D+00      0.00000000D+00      0.00000000D+00      0.00000000D+00      0.00000000D+00
       0.00000000D+00      0.00000000D+00      0.76061775D-03      0.11070134D-01      0.55908118D+00
      -0.72328893D-02      0.00000000D+00      0.00000000D+00      0.00000000D+00      0.00000000D+00
       0.00000000D+00      0.00000000D+00      0.00000000D+00      0.00000000D+00      0.00000000D+00
       0.00000000D+00      0.00000000D+00      0.00000000D+00      0.00000000D+00      0.00000000D+00
       0.00000000D+00      0.00000000D+00      0.14521595D-16      0.11032885D-16     -0.34102109D-15
       0.31335210D-15      0.00000000D+00      0.00000000D+00      0.00000000D+00      0.00000000D+00
       0.00000000D+00      0.00000000D+00      0.00000000D+00      0.00000000D+00      0.00000000D+00
       0.00000000D+00      0.00000000D+00      0.00000000D+00      0.00000000D+00      0.00000000D+00
       0.00000000D+00      0.00000000D+00      0.13491871D-01     -0.38567783D+00      0.00000000D+00
       0.00000000D+00      0.00000000D+00      0.00000000D+00      0.00000000D+00      0.00000000D+00
       0.00000000D+00      0.00000000D+00      0.00000000D+00      0.00000000D+00      0.00000000D+00
       0.00000000D+00      0.00000000D+00      0.00000000D+00      0.00000000D+00      0.00000000D+00
       0.00000000D+00      0.00000000D+00     -0.14498659D-01     -0.35344253D-02      0.00000000D+00
       0.00000000D+00      0.00000000D+00      0.00000000D+00      0.00000000D+00      0.00000000D+00
       0.00000000D+00      0.00000000D+00      0.00000000D+00      0.00000000D+00      0.00000000D+00
       0.00000000D+00      0.00000000D+00      0.00000000D+00      0.00000000D+00      0.00000000D+00
       0.00000000D+00      0.00000000D+00      0.76061775D-03      0.11070134D-01      0.55908118D+00
      -0.72328893D-02      0.00000000D+00      0.00000000D+00      0.00000000D+00      0.00000000D+00
       0.00000000D+00      0.00000000D+00      0.00000000D+00      0.00000000D+00      0.00000000D+00
       0.00000000D+00      0.00000000D+00      0.00000000D+00      0.00000000D+00      0.00000000D+00
       0.00000000D+00      0.00000000D+00      0.14521595D-16      0.11032885D-16     -0.34102109D-15
       0.31335210D-15      0.00000000D+00      0.00000000D+00      0.00000000D+00      0.00000000D+00
       0.00000000D+00      0.00000000D+00      0.00000000D+00      0.00000000D+00      0.00000000D+00
       0.00000000D+00      0.00000000D+00      0.00000000D+00      0.00000000D+00      0.00000000D+00
       0.00000000D+00      0.00000000D+00     -0.32062384D+00      0.10872724D-01      0.00000000D+00
       0.00000000D+00      0.00000000D+00      0.00000000D+00      0.00000000D+00      0.00000000D+00
       0.00000000D+00      0.00000000D+00      0.00000000D+00      0.00000000D+00      0.00000000D+00
       0.00000000D+00      0.00000000D+00      0.00000000D+00      0.00000000D+00      0.00000000D+00
       0.00000000D+00      0.00000000D+00      0.12808508D-02      0.91826042D-01      0.00000000D+00
       0.00000000D+00      0.00000000D+00      0.00000000D+00      0.00000000D+00      0.00000000D+00
       0.00000000D+00      0.00000000D+00      0.00000000D+00      0.00000000D+00      0.00000000D+00
       0.00000000D+00      0.00000000D+00      0.00000000D+00      0.00000000D+00      0.00000000D+00
       0.00000000D+00      0.00000000D+00     -0.12280811D-01      0.13117722D-02      0.24120735D-01
       0.57372900D+00      0.00000000D+00      0.00000000D+00      0.00000000D+00      0.00000000D+00
       0.00000000D+00      0.00000000D+00      0.00000000D+00      0.00000000D+00      0.00000000D+00
       0.00000000D+00      0.00000000D+00      0.00000000D+00      0.00000000D+00      0.00000000D+00
       0.00000000D+00      0.00000000D+00     -0.24232627D-16      0.43432626D-16     -0.72941317D-15
      -0.16896987D-14      0.00000000D+00      0.00000000D+00      0.00000000D+00      0.00000000D+00
       0.00000000D+00      0.00000000D+00      0.00000000D+00      0.00000000D+00      0.00000000D+00
       0.00000000D+00      0.00000000D+00      0.00000000D+00      0.00000000D+00      0.00000000D+00
       0.00000000D+00      0.00000000D+00     -0.32062384D+00      0.10872724D-01      0.00000000D+00
       0.00000000D+00      0.00000000D+00      0.00000000D+00      0.00000000D+00      0.00000000D+00
       0.00000000D+00      0.00000000D+00      0.00000000D+00      0.00000000D+00      0.00000000D+00
       0.00000000D+00      0.00000000D+00      0.00000000D+00      0.00000000D+00      0.00000000D+00
       0.00000000D+00      0.00000000D+00      0.12808508D-02      0.91826042D-01      0.00000000D+00
       0.00000000D+00      0.00000000D+00      0.00000000D+00      0.00000000D+00      0.00000000D+00
       0.00000000D+00      0.00000000D+00      0.00000000D+00      0.00000000D+00      0.00000000D+00
       0.00000000D+00      0.00000000D+00      0.00000000D+00      0.00000000D+00      0.00000000D+00
       0.00000000D+00      0.00000000D+00     -0.12280811D-01      0.13117722D-02      0.24120735D-01
       0.57372900D+00      0.00000000D+00      0.00000000D+00      0.00000000D+00      0.00000000D+00
       0.00000000D+00      0.00000000D+00      0.00000000D+00      0.00000000D+00      0.00000000D+00
       0.00000000D+00      0.00000000D+00      0.00000000D+00      0.00000000D+00      0.00000000D+00
       0.00000000D+00      0.00000000D+00     -0.24232627D-16      0.43432626D-16     -0.72941317D-15
      -0.16896987D-14      0.00000000D+00      0.00000000D+00      0.00000000D+00      0.00000000D+00
       0.00000000D+00      0.00000000D+00      0.00000000D+00      0.00000000D+00      0.00000000D+00
       0.00000000D+00      0.00000000D+00      0.00000000D+00      0.00000000D+00      0.00000000D+00
       0.00000000D+00      0.00000000D+00     -0.96986712D-15      0.15273381D-14      0.63186490D-16
       0.37080599D-17     -0.15174307D-14      0.34498184D-02     -0.15244591D-15     -0.12560681D-14
       0.33587901D-04      0.27445581D-15     -0.71550012D-03      0.69235710D-17     -0.11613840D-14
       0.81818423D-16     -0.90482766D-04     -0.17825413D-04      0.34970548D-15      0.23469329D-14
      -0.17887164D-18      0.13452300D-14     -0.13160898D-15      0.17736187D-14      0.20532862D-14
      -0.97194811D-17     -0.13299584D-15     -0.26502338D-03     -0.11399674D-14     -0.11870479D-15
      -0.10172659D-02      0.13552591D-15     -0.16675318D-04      0.42190886D-15      0.20595890D-15
      -0.12216105D-14      0.48848591D-05     -0.17995663D-03     -0.11122082D-15     -0.40004728D-16
      -0.21032361D-14     -0.19217187D-16     -0.14745290D-14      0.80423264D-16      0.11173413D-14
       0.45170973D-15      0.78512428D-14      0.32737157D-02      0.13307708D-15     -0.14093858D-14
      -0.60958393D-04     -0.42263902D-15     -0.12429048D-02      0.48288185D-16     -0.18720790D-15
       0.24215640D-15      0.51520270D-03     -0.25938804D-04      0.45455586D-15      0.14376058D-14
      -0.45072229D-16     -0.16739004D-14      0.72356080D+00      0.27124253D-02      0.12180832D-02
      -0.16006618D-01      0.45206518D-02      0.12033887D-13      0.51430778D-03     -0.10747194D-01
       0.23871657D-15     -0.26853970D-02     -0.91474038D-15      0.19515034D-04      0.12793351D-03
       0.56152330D-04     -0.74513317D-15      0.17322702D-15      0.22024672D-03      0.15325197D-02
       0.24241511D-04      0.98466277D-04     -0.96986712D-15      0.15273381D-14      0.63186490D-16
       0.37080599D-17     -0.15174307D-14      0.34498184D-02     -0.15244591D-15     -0.12560681D-14
       0.33587901D-04      0.27445581D-15     -0.71550012D-03      0.69235710D-17     -0.11613840D-14
       0.81818423D-16     -0.90482766D-04     -0.17825413D-04      0.34970548D-15      0.23469329D-14
      -0.17887164D-18      0.13452300D-14     -0.13160898D-15      0.17736187D-14      0.20532862D-14
      -0.97194811D-17     -0.13299584D-15     -0.26502338D-03     -0.11399674D-14     -0.11870479D-15
      -0.10172659D-02      0.13552591D-15     -0.16675318D-04      0.42190886D-15      0.20595890D-15
      -0.12216105D-14      0.48848591D-05     -0.17995663D-03     -0.11122082D-15     -0.40004728D-16
      -0.21032361D-14     -0.19217187D-16     -0.14745290D-14      0.80423264D-16      0.11173413D-14
       0.45170973D-15      0.78512428D-14      0.32737157D-02      0.13307708D-15     -0.14093858D-14
      -0.60958393D-04     -0.42263902D-15     -0.12429048D-02      0.48288185D-16     -0.18720790D-15
       0.24215640D-15      0.51520270D-03     -0.25938804D-04      0.45455586D-15      0.14376058D-14
      -0.45072229D-16     -0.16739004D-14      0.72356080D+00      0.27124253D-02      0.12180832D-02
      -0.16006618D-01      0.45206518D-02      0.12033887D-13      0.51430778D-03     -0.10747194D-01
       0.23871657D-15     -0.26853970D-02     -0.91474038D-15      0.19515034D-04      0.12793351D-03
       0.56152330D-04     -0.74513317D-15      0.17322702D-15      0.22024672D-03      0.15325197D-02
       0.24241511D-04      0.98466277D-04      0.16160754D-13     -0.83618159D-15      0.15505210D-15
      -0.57485316D-14      0.78377397D-15     -0.15443358D-03     -0.41434926D-16     -0.32597377D-14
       0.12022529D-02     -0.11655986D-14      0.31634666D-04     -0.32844918D-16     -0.30819759D-15
       0.23453654D-16     -0.42750971D-05     -0.42947007D-03     -0.54358665D-16      0.67474755D-15
      -0.80609600D-17     -0.47983916D-15     -0.76278977D-14     -0.76257784D-13     -0.97860412D-14
       0.49544238D-15     -0.36435473D-15     -0.66494208D-02     -0.69986253D-14     -0.29066675D-16
       0.63143450D-04      0.55388435D-16     -0.43894624D-03      0.21317423D-15      0.62133978D-16
      -0.99397562D-16      0.31593409D-03      0.93657334D-05     -0.17701396D-16     -0.13692713D-16
      -0.36646180D-15      0.25250795D-16     -0.99837086D-12     -0.17443941D-14     -0.67782251D-15
       0.11770937D-13      0.12086773D-13     -0.11773334D-03     -0.89541994D-15      0.11342994D-13
      -0.13522692D-02      0.28885661D-14      0.65951444D-04      0.13031218D-16      0.25511624D-14
       0.10160846D-16     -0.31280751D-04     -0.43900178D-03      0.10737738D-15     -0.16140532D-14
      -0.47524602D-16     -0.87287851D-15     -0.33063927D-02      0.71286968D+00      0.21057097D-01
       0.10779217D-02      0.35192204D-03     -0.17652480D-13      0.19333385D-01      0.52360974D-03
       0.25149679D-15      0.11330096D-03      0.21368049D-15      0.66183563D-03     -0.39201556D-04
       0.17184402D-02     -0.74194847D-15      0.44267536D-16     -0.59787864D-05     -0.49908897D-04
       0.12768543D-02      0.20452108D-05      0.16160754D-13     -0.83618159D-15      0.15505210D-15
      -0.57485316D-14      0.78377397D-15     -0.15443358D-03     -0.41434926D-16     -0.32597377D-14
       0.12022529D-02     -0.11655986D-14      0.31634666D-04     -0.32844918D-16     -0.30819759D-15
       0.23453654D-16     -0.42750971D-05     -0.42947007D-03     -0.54358665D-16      0.67474755D-15
      -0.80609600D-17     -0.47983916D-15     -0.76278977D-14     -0.76257784D-13     -0.97860412D-14
       0.49544238D-15     -0.36435473D-15     -0.66494208D-02     -0.69986253D-14     -0.29066675D-16
       0.63143450D-04      0.55388435D-16     -0.43894624D-03      0.21317423D-15      0.62133978D-16
      -0.99397562D-16      0.31593409D-03      0.93657334D-05     -0.17701396D-16     -0.13692713D-16
      -0.36646180D-15      0.25250795D-16     -0.99837086D-12     -0.17443941D-14     -0.67782251D-15
       0.11770937D-13      0.12086773D-13     -0.11773334D-03     -0.89541994D-15      0.11342994D-13
      -0.13522692D-02      0.28885661D-14      0.65951444D-04      0.13031218D-16      0.25511624D-14
       0.10160846D-16     -0.31280751D-04     -0.43900178D-03      0.10737738D-15     -0.16140532D-14
      -0.47524602D-16     -0.87287851D-15     -0.33063927D-02      0.71286968D+00      0.21057097D-01
       0.10779217D-02      0.35192204D-03     -0.17652480D-13      0.19333385D-01      0.52360974D-03
       0.25149679D-15      0.11330096D-03      0.21368049D-15      0.66183563D-03     -0.39201556D-04
       0.17184402D-02     -0.74194847D-15      0.44267536D-16     -0.59787864D-05     -0.49908897D-04
       0.12768543D-02      0.20452108D-05     -0.11502922D-01      0.61721238D-03     -0.11341683D-03
       0.41714784D-02     -0.56876957D-03      0.48381288D-14      0.35313217D-04      0.23144189D-02
       0.22287908D-14      0.85209016D-03      0.72589299D-15      0.23461456D-04      0.24660291D-03
      -0.18955337D-04     -0.31061150D-14     -0.51031558D-16      0.15547166D-04     -0.51218130D-03
       0.48774884D-05      0.35745466D-03      0.52192178D-02      0.54897151D-01      0.70303294D-02
      -0.36257722D-03      0.25977067D-03     -0.91662184D-14      0.49653170D-02      0.27395555D-04
      -0.26444787D-14     -0.45344871D-04     -0.35810235D-15     -0.19328279D-03     -0.50995355D-04
       0.67843351D-04      0.68801135D-15     -0.12810832D-15      0.16148773D-04      0.10470319D-04
       0.29199076D-03     -0.17671084D-04      0.72216411D+00      0.15013755D-02      0.67220322D-03
      -0.86605563D-02     -0.87839982D-02     -0.34450878D-15      0.63684324D-03     -0.80961938D-02
      -0.17059670D-14     -0.20586243D-02      0.33238616D-14     -0.11062540D-04     -0.18570529D-02
      -0.15945395D-04      0.44062064D-15     -0.10109650D-14     -0.94749463D-04      0.11310579D-02
       0.36149426D-04      0.62111156D-03     -0.37184041D-14      0.93588516D-12      0.28064205D-13
       0.17771772D-14     -0.15122310D-13      0.12431078D-01      0.25504149D-13      0.48203962D-14
      -0.19298758D-03      0.35985501D-14     -0.14911822D-03      0.89247792D-15      0.43266163D-14
       0.18628626D-14      0.57489509D-03     -0.38090306D-04      0.59297462D-16      0.56567915D-15
       0.13864447D-14      0.29011909D-14     -0.11502922D-01      0.61721238D-03     -0.11341683D-03
       0.41714784D-02     -0.56876957D-03      0.48381288D-14      0.35313217D-04      0.23144189D-02
       0.22287908D-14      0.85209016D-03      0.72589299D-15      0.23461456D-04      0.24660291D-03
      -0.18955337D-04     -0.31061150D-14     -0.51031558D-16      0.15547166D-04     -0.51218130D-03
       0.48774884D-05      0.35745466D-03      0.52192178D-02      0.54897151D-01      0.70303294D-02
      -0.36257722D-03      0.25977067D-03     -0.91662184D-14      0.49653170D-02      0.27395555D-04
      -0.26444787D-14     -0.45344871D-04     -0.35810235D-15     -0.19328279D-03     -0.50995355D-04
       0.67843351D-04      0.68801135D-15     -0.12810832D-15      0.16148773D-04      0.10470319D-04
       0.29199076D-03     -0.17671084D-04      0.72216411D+00      0.15013755D-02      0.67220322D-03
      -0.86605563D-02     -0.87839982D-02     -0.34450878D-15      0.63684324D-03     -0.80961938D-02
      -0.17059670D-14     -0.20586243D-02      0.33238616D-14     -0.11062540D-04     -0.18570529D-02
      -0.15945395D-04      0.44062064D-15     -0.10109650D-14     -0.94749463D-04      0.11310579D-02
       0.36149426D-04      0.62111156D-03     -0.37184041D-14      0.93588516D-12      0.28064205D-13
       0.17771772D-14     -0.15122310D-13      0.12431078D-01      0.25504149D-13      0.48203962D-14
      -0.19298758D-03      0.35985501D-14     -0.14911822D-03      0.89247792D-15      0.43266163D-14
       0.18628626D-14      0.57489509D-03     -0.38090306D-04      0.59297462D-16      0.56567915D-15
       0.13864447D-14      0.29011909D-14      0.12405469D-02      0.12120526D-01      0.00000000D+00
       0.00000000D+00      0.00000000D+00      0.00000000D+00      0.00000000D+00      0.00000000D+00
       0.00000000D+00      0.00000000D+00      0.00000000D+00      0.00000000D+00      0.00000000D+00
       0.00000000D+00      0.00000000D+00      0.00000000D+00      0.00000000D+00      0.00000000D+00
       0.00000000D+00      0.00000000D+00      0.11302029D+00     -0.62018039D-02      0.00000000D+00
       0.00000000D+00      0.00000000D+00      0.00000000D+00      0.00000000D+00      0.00000000D+00
       0.00000000D+00      0.00000000D+00      0.00000000D+00      0.00000000D+00      0.00000000D+00
       0.00000000D+00      0.00000000D+00      0.00000000D+00      0.00000000D+00      0.00000000D+00
       0.00000000D+00      0.00000000D+00     -0.18529356D-02      0.71573808D+00     -0.29509515D-02
      -0.34819748D-03      0.00000000D+00      0.00000000D+00      0.00000000D+00      0.00000000D+00
       0.00000000D+00      0.00000000D+00      0.00000000D+00      0.00000000D+00      0.00000000D+00
       0.00000000D+00      0.00000000D+00      0.00000000D+00      0.00000000D+00      0.00000000D+00
       0.00000000D+00      0.00000000D+00     -0.32960702D-16      0.13644204D-15     -0.60904309D-15
       0.46651817D-15      0.00000000D+00      0.00000000D+00      0.00000000D+00      0.00000000D+00
       0.00000000D+00      0.00000000D+00      0.00000000D+00      0.00000000D+00      0.00000000D+00
       0.00000000D+00      0.00000000D+00      0.00000000D+00      0.00000000D+00      0.00000000D+00
       0.00000000D+00      0.00000000D+00      0.12405469D-02      0.12120526D-01      0.00000000D+00
       0.00000000D+00      0.00000000D+00      0.00000000D+00      0.00000000D+00      0.00000000D+00
       0.00000000D+00      0.00000000D+00      0.00000000D+00      0.00000000D+00      0.00000000D+00
       0.00000000D+00      0.00000000D+00      0.00000000D+00      0.00000000D+00      0.00000000D+00
       0.00000000D+00      0.00000000D+00      0.11302029D+00     -0.62018039D-02      0.00000000D+00
       0.00000000D+00      0.00000000D+00      0.00000000D+00      0.00000000D+00      0.00000000D+00
       0.00000000D+00      0.00000000D+00      0.00000000D+00      0.00000000D+00      0.00000000D+00
       0.00000000D+00      0.00000000D+00      0.00000000D+00      0.00000000D+00      0.00000000D+00
       0.00000000D+00      0.00000000D+00     -0.18529356D-02      0.71573808D+00     -0.29509515D-02
      -0.34819748D-03      0.00000000D+00      0.00000000D+00      0.00000000D+00      0.00000000D+00
       0.00000000D+00      0.00000000D+00      0.00000000D+00      0.00000000D+00      0.00000000D+00
       0.00000000D+00      0.00000000D+00      0.00000000D+00      0.00000000D+00      0.00000000D+00
       0.00000000D+00      0.00000000D+00     -0.32960702D-16      0.13644204D-15     -0.60904309D-15
       0.46651817D-15      0.00000000D+00      0.00000000D+00      0.00000000D+00      0.00000000D+00
       0.00000000D+00      0.00000000D+00      0.00000000D+00      0.00000000D+00      0.00000000D+00
       0.00000000D+00      0.00000000D+00      0.00000000D+00      0.00000000D+00      0.00000000D+00
       0.00000000D+00      0.00000000D+00      0.93065013D-03      0.73174279D-03      0.00000000D+00
       0.00000000D+00      0.00000000D+00      0.00000000D+00      0.00000000D+00      0.00000000D+00
       0.00000000D+00      0.00000000D+00      0.00000000D+00      0.00000000D+00      0.00000000D+00
       0.00000000D+00      0.00000000D+00      0.00000000D+00      0.00000000D+00      0.00000000D+00
       0.00000000D+00      0.00000000D+00      0.71728173D+00     -0.11426412D-01      0.00000000D+00
       0.00000000D+00      0.00000000D+00      0.00000000D+00      0.00000000D+00      0.00000000D+00
       0.00000000D+00      0.00000000D+00      0.00000000D+00      0.00000000D+00      0.00000000D+00
       0.00000000D+00      0.00000000D+00      0.00000000D+00      0.00000000D+00      0.00000000D+00
       0.00000000D+00      0.00000000D+00     -0.70515172D-02     -0.12813633D+00      0.21557739D-01
      -0.30602127D-04      0.00000000D+00      0.00000000D+00      0.00000000D+00      0.00000000D+00
       0.00000000D+00      0.00000000D+00      0.00000000D+00      0.00000000D+00      0.00000000D+00
       0.00000000D+00      0.00000000D+00      0.00000000D+00      0.00000000D+00      0.00000000D+00
       0.00000000D+00      0.00000000D+00     -0.12501159D-17      0.12372191D-16     -0.41482391D-18
       0.32734487D-15      0.00000000D+00      0.00000000D+00      0.00000000D+00      0.00000000D+00
       0.00000000D+00      0.00000000D+00      0.00000000D+00      0.00000000D+00      0.00000000D+00
       0.00000000D+00      0.00000000D+00      0.00000000D+00      0.00000000D+00      0.00000000D+00
       0.00000000D+00      0.00000000D+00      0.93065013D-03      0.73174279D-03      0.00000000D+00
       0.00000000D+00      0.00000000D+00      0.00000000D+00      0.00000000D+00      0.00000000D+00
       0.00000000D+00      0.00000000D+00      0.00000000D+00      0.00000000D+00      0.00000000D+00
       0.00000000D+00      0.00000000D+00      0.00000000D+00      0.00000000D+00      0.00000000D+00
       0.00000000D+00      0.00000000D+00      0.71728173D+00     -0.11426412D-01      0.00000000D+00
       0.00000000D+00      0.00000000D+00      0.00000000D+00      0.00000000D+00      0.00000000D+00
       0.00000000D+00      0.00000000D+00      0.00000000D+00      0.00000000D+00      0.00000000D+00
       0.00000000D+00      0.00000000D+00      0.00000000D+00      0.00000000D+00      0.00000000D+00
       0.00000000D+00      0.00000000D+00     -0.70515172D-02     -0.12813633D+00      0.21557739D-01
      -0.30602127D-04      0.00000000D+00      0.00000000D+00      0.00000000D+00      0.00000000D+00
       0.00000000D+00      0.00000000D+00      0.00000000D+00      0.00000000D+00      0.00000000D+00
       0.00000000D+00      0.00000000D+00      0.00000000D+00      0.00000000D+00      0.00000000D+00
       0.00000000D+00      0.00000000D+00     -0.12501159D-17      0.12372191D-16     -0.41482391D-18
       0.32734487D-15      0.00000000D+00      0.00000000D+00      0.00000000D+00      0.00000000D+00
       0.00000000D+00      0.00000000D+00      0.00000000D+00      0.00000000D+00      0.00000000D+00
       0.00000000D+00      0.00000000D+00      0.00000000D+00      0.00000000D+00      0.00000000D+00
       0.00000000D+00      0.00000000D+00      0.79943318D-01     -0.26197392D-02      0.00000000D+00
       0.00000000D+00      0.00000000D+00      0.00000000D+00      0.00000000D+00      0.00000000D+00
       0.00000000D+00      0.00000000D+00      0.00000000D+00      0.00000000D+00      0.00000000D+00
       0.00000000D+00      0.00000000D+00      0.00000000D+00      0.00000000D+00      0.00000000D+00
       0.00000000D+00      0.00000000D+00      0.13254917D-01      0.73524583D+00      0.00000000D+00
       0.00000000D+00      0.00000000D+00      0.00000000D+00      0.00000000D+00      0.00000000D+00
       0.00000000D+00      0.00000000D+00      0.00000000D+00      0.00000000D+00      0.00000000D+00
       0.00000000D+00      0.00000000D+00      0.00000000D+00      0.00000000D+00      0.00000000D+00
       0.00000000D+00      0.00000000D+00     -0.12696239D+00      0.56385256D-02      0.33684312D-03
      -0.75725991D-01      0.00000000D+00      0.00000000D+00      0.00000000D+00      0.00000000D+00
       0.00000000D+00      0.00000000D+00      0.00000000D+00      0.00000000D+00      0.00000000D+00
       0.00000000D+00      0.00000000D+00      0.00000000D+00      0.00000000D+00      0.00000000D+00
       0.00000000D+00      0.00000000D+00     -0.12453313D-15      0.95230299D-16     -0.76990617D-15
      -0.36788374D-15      0.00000000D+00      0.00000000D+00      0.00000000D+00      0.00000000D+00
       0.00000000D+00      0.00000000D+00      0.00000000D+00      0.00000000D+00      0.00000000D+00
       0.00000000D+00      0.00000000D+00      0.00000000D+00      0.00000000D+00      0.00000000D+00
       0.00000000D+00      0.00000000D+00      0.79943318D-01     -0.26197392D-02      0.00000000D+00
       0.00000000D+00      0.00000000D+00      0.00000000D+00      0.00000000D+00      0.00000000D+00
       0.00000000D+00      0.00000000D+00      0.00000000D+00      0.00000000D+00      0.00000000D+00
       0.00000000D+00      0.00000000D+00      0.00000000D+00      0.00000000D+00      0.00000000D+00
       0.00000000D+00      0.00000000D+00      0.13254917D-01      0.73524583D+00      0.00000000D+00
       0.00000000D+00      0.00000000D+00      0.00000000D+00      0.00000000D+00      0.00000000D+00
       0.00000000D+00      0.00000000D+00      0.00000000D+00      0.00000000D+00      0.00000000D+00
       0.00000000D+00      0.00000000D+00      0.00000000D+00      0.00000000D+00      0.00000000D+00
       0.00000000D+00      0.00000000D+00     -0.12696239D+00      0.56385256D-02      0.33684312D-03
      -0.75725991D-01      0.00000000D+00      0.00000000D+00      0.00000000D+00      0.00000000D+00
       0.00000000D+00      0.00000000D+00      0.00000000D+00      0.00000000D+00      0.00000000D+00
       0.00000000D+00      0.00000000D+00      0.00000000D+00      0.00000000D+00      0.00000000D+00
       0.00000000D+00      0.00000000D+00     -0.12453313D-15      0.95230299D-16     -0.76990617D-15
      -0.36788374D-15      0.00000000D+00      0.00000000D+00      0.00000000D+00      0.00000000D+00
       0.00000000D+00      0.00000000D+00      0.00000000D+00      0.00000000D+00      0.00000000D+00
       0.00000000D+00      0.00000000D+00      0.00000000D+00      0.00000000D+00      0.00000000D+00
       0.00000000D+00      0.00000000D+00      0.34449129D-15      0.32387456D-15      0.00000000D+00
       0.00000000D+00      0.00000000D+00      0.00000000D+00      0.00000000D+00      0.00000000D+00
       0.00000000D+00      0.00000000D+00      0.00000000D+00      0.00000000D+00      0.00000000D+00
       0.00000000D+00      0.00000000D+00      0.00000000D+00      0.00000000D+00      0.00000000D+00
       0.00000000D+00      0.00000000D+00     -0.11682066D-15      0.37172600D-15      0.00000000D+00
       0.00000000D+00      0.00000000D+00      0.00000000D+00      0.00000000D+00      0.00000000D+00
       0.00000000D+00      0.00000000D+00      0.00000000D+00      0.00000000D+00      0.00000000D+00
       0.00000000D+00      0.00000000D+00      0.00000000D+00      0.00000000D+00      0.00000000D+00
       0.00000000D+00      0.00000000D+00     -0.87515074D-16      0.26095316D-15      0.59262786D-15
       0.13961171D-14      0.00000000D+00      0.00000000D+00      0.00000000D+00      0.00000000D+00
       0.00000000D+00      0.00000000D+00      0.00000000D+00      0.00000000D+00      0.00000000D+00
       0.00000000D+00      0.00000000D+00      0.00000000D+00      0.00000000D+00      0.00000000D+00
       0.00000000D+00      0.00000000D+00     -0.16416852D-03     -0.15805634D-01      0.70786379D+00
       0.19809162D-01      0.00000000D+00      0.00000000D+00      0.00000000D+00      0.00000000D+00
       0.00000000D+00      0.00000000D+00      0.00000000D+00      0.00000000D+00      0.00000000D+00
       0.00000000D+00      0.00000000D+00      0.00000000D+00      0.00000000D+00      0.00000000D+00
       0.00000000D+00      0.00000000D+00      0.34449129D-15      0.32387456D-15      0.00000000D+00
       0.00000000D+00      0.00000000D+00      0.00000000D+00      0.00000000D+00      0.00000000D+00
       0.00000000D+00      0.00000000D+00      0.00000000D+00      0.00000000D+00      0.00000000D+00
       0.00000000D+00      0.00000000D+00      0.00000000D+00      0.00000000D+00      0.00000000D+00
       0.00000000D+00      0.00000000D+00     -0.11682066D-15      0.37172600D-15      0.00000000D+00
       0.00000000D+00      0.00000000D+00      0.00000000D+00      0.00000000D+00      0.00000000D+00
       0.00000000D+00      0.00000000D+00      0.00000000D+00      0.00000000D+00      0.00000000D+00
       0.00000000D+00      0.00000000D+00      0.00000000D+00      0.00000000D+00      0.00000000D+00
       0.00000000D+00      0.00000000D+00     -0.87515074D-16      0.26095316D-15      0.59262786D-15
       0.13961171D-14      0.00000000D+00      0.00000000D+00      0.00000000D+00      0.00000000D+00
       0.00000000D+00      0.00000000D+00      0.00000000D+00      0.00000000D+00      0.00000000D+00
       0.00000000D+00      0.00000000D+00      0.00000000D+00      0.00000000D+00      0.00000000D+00
       0.00000000D+00      0.00000000D+00     -0.16416852D-03     -0.15805634D-01      0.70786379D+00
       0.19809162D-01      0.00000000D+00      0.00000000D+00      0.00000000D+00      0.00000000D+00
       0.00000000D+00      0.00000000D+00      0.00000000D+00      0.00000000D+00      0.00000000D+00
       0.00000000D+00      0.00000000D+00      0.00000000D+00      0.00000000D+00      0.00000000D+00
       0.00000000D+00      0.00000000D+00     -0.11855372D-13     -0.57422864D-14      0.00000000D+00
       0.00000000D+00      0.00000000D+00      0.00000000D+00      0.00000000D+00      0.00000000D+00
       0.00000000D+00      0.00000000D+00      0.00000000D+00      0.00000000D+00      0.00000000D+00
       0.00000000D+00      0.00000000D+00      0.00000000D+00      0.00000000D+00      0.00000000D+00
       0.00000000D+00      0.00000000D+00      0.18592527D-15      0.13159519D-14      0.00000000D+00
       0.00000000D+00      0.00000000D+00      0.00000000D+00      0.00000000D+00      0.00000000D+00
       0.00000000D+00      0.00000000D+00      0.00000000D+00      0.00000000D+00      0.00000000D+00
       0.00000000D+00      0.00000000D+00      0.00000000D+00      0.00000000D+00      0.00000000D+00
       0.00000000D+00      0.00000000D+00     -0.75177284D-15      0.16235416D-16     -0.42655653D-14
      -0.42458464D-14      0.00000000D+00      0.00000000D+00      0.00000000D+00      0.00000000D+00
       0.00000000D+00      0.00000000D+00      0.00000000D+00      0.00000000D+00      0.00000000D+00
       0.00000000D+00      0.00000000D+00      0.00000000D+00      0.00000000D+00      0.00000000D+00
       0.00000000D+00      0.00000000D+00     -0.23152561D-02      0.17427778D-03     -0.20303710D-01
       0.71691242D+00      0.00000000D+00      0.00000000D+00      0.00000000D+00      0.00000000D+00
       0.00000000D+00      0.00000000D+00      0.00000000D+00      0.00000000D+00      0.00000000D+00
       0.00000000D+00      0.00000000D+00      0.00000000D+00      0.00000000D+00      0.00000000D+00
       0.00000000D+00      0.00000000D+00     -0.11855372D-13     -0.57422864D-14      0.00000000D+00
       0.00000000D+00      0.00000000D+00      0.00000000D+00      0.00000000D+00      0.00000000D+00
       0.00000000D+00      0.00000000D+00      0.00000000D+00      0.00000000D+00      0.00000000D+00
       0.00000000D+00      0.00000000D+00      0.00000000D+00      0.00000000D+00      0.00000000D+00
       0.00000000D+00      0.00000000D+00      0.18592527D-15      0.13159519D-14      0.00000000D+00
       0.00000000D+00      0.00000000D+00      0.00000000D+00      0.00000000D+00      0.00000000D+00
       0.00000000D+00      0.00000000D+00      0.00000000D+00      0.00000000D+00      0.00000000D+00
       0.00000000D+00      0.00000000D+00      0.00000000D+00      0.00000000D+00      0.00000000D+00
       0.00000000D+00      0.00000000D+00     -0.75177284D-15      0.16235416D-16     -0.42655653D-14
      -0.42458464D-14      0.00000000D+00      0.00000000D+00      0.00000000D+00      0.00000000D+00
       0.00000000D+00      0.00000000D+00      0.00000000D+00      0.00000000D+00      0.00000000D+00
       0.00000000D+00      0.00000000D+00      0.00000000D+00      0.00000000D+00      0.00000000D+00
       0.00000000D+00      0.00000000D+00     -0.23152561D-02      0.17427778D-03     -0.20303710D-01
       0.71691242D+00      0.00000000D+00      0.00000000D+00      0.00000000D+00      0.00000000D+00
       0.00000000D+00      0.00000000D+00      0.00000000D+00      0.00000000D+00      0.00000000D+00
       0.00000000D+00      0.00000000D+00      0.00000000D+00      0.00000000D+00      0.00000000D+00
       0.00000000D+00      0.00000000D+00      0.62053618D+00      0.66134327D-02      0.00000000D+00
       0.00000000D+00      0.00000000D+00      0.00000000D+00      0.00000000D+00      0.00000000D+00
       0.00000000D+00      0.00000000D+00      0.00000000D+00      0.00000000D+00      0.00000000D+00
       0.00000000D+00      0.00000000D+00      0.00000000D+00      0.00000000D+00      0.00000000D+00
       0.00000000D+00      0.00000000D+00     -0.25533257D-02     -0.51043750D-01      0.00000000D+00
       0.00000000D+00      0.00000000D+00      0.00000000D+00      0.00000000D+00      0.00000000D+00
       0.00000000D+00      0.00000000D+00      0.00000000D+00      0.00000000D+00      0.00000000D+00
       0.00000000D+00      0.00000000D+00      0.00000000D+00      0.00000000D+00      0.00000000D+00
       0.00000000D+00      0.00000000D+00      0.37440710D-01     -0.18194050D-02     -0.62122160D-02
       0.35589840D+00      0.00000000D+00      0.00000000D+00      0.00000000D+00      0.00000000D+00
       0.00000000D+00      0.00000000D+00      0.00000000D+00      0.00000000D+00      0.00000000D+00
       0.00000000D+00      0.00000000D+00      0.00000000D+00      0.00000000D+00      0.00000000D+00
       0.00000000D+00      0.00000000D+00     -0.59222686D-17     -0.45845365D-17     -0.98906008D-15
       0.12428559D-13      0.00000000D+00      0.00000000D+00      0.00000000D+00      0.00000000D+00
       0.00000000D+00      0.00000000D+00      0.00000000D+00      0.00000000D+00      0.00000000D+00
       0.00000000D+00      0.00000000D+00      0.00000000D+00      0.00000000D+00      0.00000000D+00
       0.00000000D+00      0.00000000D+00      0.62053618D+00      0.66134327D-02      0.00000000D+00
       0.00000000D+00      0.00000000D+00      0.00000000D+00      0.00000000D+00      0.00000000D+00
       0.00000000D+00      0.00000000D+00      0.00000000D+00      0.00000000D+00      0.00000000D+00
       0.00000000D+00      0.00000000D+00      0.00000000D+00      0.00000000D+00      0.00000000D+00
       0.00000000D+00      0.00000000D+00     -0.25533257D-02     -0.51043750D-01      0.00000000D+00
       0.00000000D+00      0.00000000D+00      0.00000000D+00      0.00000000D+00      0.00000000D+00
       0.00000000D+00      0.00000000D+00      0.00000000D+00      0.00000000D+00      0.00000000D+00
       0.00000000D+00      0.00000000D+00      0.00000000D+00      0.00000000D+00      0.00000000D+00
       0.00000000D+00      0.00000000D+00      0.37440710D-01     -0.18194050D-02     -0.62122160D-02
       0.35589840D+00      0.00000000D+00      0.00000000D+00      0.00000000D+00      0.00000000D+00
       0.00000000D+00      0.00000000D+00      0.00000000D+00      0.00000000D+00      0.00000000D+00
       0.00000000D+00      0.00000000D+00      0.00000000D+00      0.00000000D+00      0.00000000D+00
       0.00000000D+00      0.00000000D+00     -0.59222686D-17     -0.45845365D-17     -0.98906008D-15
       0.12428559D-13      0.00000000D+00      0.00000000D+00      0.00000000D+00      0.00000000D+00
       0.00000000D+00      0.00000000D+00      0.00000000D+00      0.00000000D+00      0.00000000D+00
       0.00000000D+00      0.00000000D+00      0.00000000D+00      0.00000000D+00      0.00000000D+00
       0.00000000D+00      0.00000000D+00      0.10852730D-01      0.58763186D+00      0.00000000D+00
       0.00000000D+00      0.00000000D+00      0.00000000D+00      0.00000000D+00      0.00000000D+00
       0.00000000D+00      0.00000000D+00      0.00000000D+00      0.00000000D+00      0.00000000D+00
       0.00000000D+00      0.00000000D+00      0.00000000D+00      0.00000000D+00      0.00000000D+00
       0.00000000D+00      0.00000000D+00     -0.30631871D-01     -0.17514741D-02      0.00000000D+00
       0.00000000D+00      0.00000000D+00      0.00000000D+00      0.00000000D+00      0.00000000D+00
       0.00000000D+00      0.00000000D+00      0.00000000D+00      0.00000000D+00      0.00000000D+00
       0.00000000D+00      0.00000000D+00      0.00000000D+00      0.00000000D+00      0.00000000D+00
       0.00000000D+00      0.00000000D+00      0.60779734D-03      0.47549645D-02      0.40393020D+00
      -0.21702434D-01      0.00000000D+00      0.00000000D+00      0.00000000D+00      0.00000000D+00
       0.00000000D+00      0.00000000D+00      0.00000000D+00      0.00000000D+00      0.00000000D+00
       0.00000000D+00      0.00000000D+00      0.00000000D+00      0.00000000D+00      0.00000000D+00
       0.00000000D+00      0.00000000D+00     -0.22438220D-16      0.34655708D-17     -0.77769146D-15
       0.68074276D-14      0.00000000D+00      0.00000000D+00      0.00000000D+00      0.00000000D+00
       0.00000000D+00      0.00000000D+00      0.00000000D+00      0.00000000D+00      0.00000000D+00
       0.00000000D+00      0.00000000D+00      0.00000000D+00      0.00000000D+00      0.00000000D+00
       0.00000000D+00      0.00000000D+00      0.10852730D-01      0.58763186D+00      0.00000000D+00
       0.00000000D+00      0.00000000D+00      0.00000000D+00      0.00000000D+00      0.00000000D+00
       0.00000000D+00      0.00000000D+00      0.00000000D+00      0.00000000D+00      0.00000000D+00
       0.00000000D+00      0.00000000D+00      0.00000000D+00      0.00000000D+00      0.00000000D+00
       0.00000000D+00      0.00000000D+00     -0.30631871D-01     -0.17514741D-02      0.00000000D+00
       0.00000000D+00      0.00000000D+00      0.00000000D+00      0.00000000D+00      0.00000000D+00
       0.00000000D+00      0.00000000D+00      0.00000000D+00      0.00000000D+00      0.00000000D+00
       0.00000000D+00      0.00000000D+00      0.00000000D+00      0.00000000D+00      0.00000000D+00
       0.00000000D+00      0.00000000D+00      0.60779734D-03      0.47549645D-02      0.40393020D+00
      -0.21702434D-01      0.00000000D+00      0.00000000D+00      0.00000000D+00      0.00000000D+00
       0.00000000D+00      0.00000000D+00      0.00000000D+00      0.00000000D+00      0.00000000D+00
       0.00000000D+00      0.00000000D+00      0.00000000D+00      0.00000000D+00      0.00000000D+00
       0.00000000D+00      0.00000000D+00     -0.22438220D-16      0.34655708D-17     -0.77769146D-15
       0.68074276D-14      0.00000000D+00      0.00000000D+00      0.00000000D+00      0.00000000D+00
       0.00000000D+00      0.00000000D+00      0.00000000D+00      0.00000000D+00      0.00000000D+00
       0.00000000D+00      0.00000000D+00      0.00000000D+00      0.00000000D+00      0.00000000D+00
       0.00000000D+00      0.00000000D+00      0.15560234D-01     -0.41352186D+00      0.00000000D+00
       0.00000000D+00      0.00000000D+00      0.00000000D+00      0.00000000D+00      0.00000000D+00
       0.00000000D+00      0.00000000D+00      0.00000000D+00      0.00000000D+00      0.00000000D+00
       0.00000000D+00      0.00000000D+00      0.00000000D+00      0.00000000D+00      0.00000000D+00
       0.00000000D+00      0.00000000D+00     -0.26215224D-01     -0.70794413D-02      0.00000000D+00
       0.00000000D+00      0.00000000D+00      0.00000000D+00      0.00000000D+00      0.00000000D+00
       0.00000000D+00      0.00000000D+00      0.00000000D+00      0.00000000D+00      0.00000000D+00
       0.00000000D+00      0.00000000D+00      0.00000000D+00      0.00000000D+00      0.00000000D+00
       0.00000000D+00      0.00000000D+00      0.49350104D-02      0.49843152D-01      0.60686502D+00
      -0.77982135D-02      0.00000000D+00      0.00000000D+00      0.00000000D+00      0.00000000D+00
       0.00000000D+00      0.00000000D+00      0.00000000D+00      0.00000000D+00      0.00000000D+00
       0.00000000D+00      0.00000000D+00      0.00000000D+00      0.00000000D+00      0.00000000D+00
       0.00000000D+00      0.00000000D+00     -0.21040274D-16      0.99954146D-17     -0.28918962D-15
       0.44624035D-15      0.00000000D+00      0.00000000D+00      0.00000000D+00      0.00000000D+00
       0.00000000D+00      0.00000000D+00      0.00000000D+00      0.00000000D+00      0.00000000D+00
       0.00000000D+00      0.00000000D+00      0.00000000D+00      0.00000000D+00      0.00000000D+00
       0.00000000D+00      0.00000000D+00      0.15560234D-01     -0.41352186D+00      0.00000000D+00
       0.00000000D+00      0.00000000D+00      0.00000000D+00      0.00000000D+00      0.00000000D+00
       0.00000000D+00      0.00000000D+00      0.00000000D+00      0.00000000D+00      0.00000000D+00
       0.00000000D+00      0.00000000D+00      0.00000000D+00      0.00000000D+00      0.00000000D+00
       0.00000000D+00      0.00000000D+00     -0.26215224D-01     -0.70794413D-02      0.00000000D+00
       0.00000000D+00      0.00000000D+00      0.00000000D+00      0.00000000D+00      0.00000000D+00
       0.00000000D+00      0.00000000D+00      0.00000000D+00      0.00000000D+00      0.00000000D+00
       0.00000000D+00      0.00000000D+00      0.00000000D+00      0.00000000D+00      0.00000000D+00
       0.00000000D+00      0.00000000D+00      0.49350104D-02      0.49843152D-01      0.60686502D+00
      -0.77982135D-02      0.00000000D+00      0.00000000D+00      0.00000000D+00      0.00000000D+00
       0.00000000D+00      0.00000000D+00      0.00000000D+00      0.00000000D+00      0.00000000D+00
       0.00000000D+00      0.00000000D+00      0.00000000D+00      0.00000000D+00      0.00000000D+00
       0.00000000D+00      0.00000000D+00     -0.21040274D-16      0.99954146D-17     -0.28918962D-15
       0.44624035D-15      0.00000000D+00      0.00000000D+00      0.00000000D+00      0.00000000D+00
       0.00000000D+00      0.00000000D+00      0.00000000D+00      0.00000000D+00      0.00000000D+00
       0.00000000D+00      0.00000000D+00      0.00000000D+00      0.00000000D+00      0.00000000D+00
       0.00000000D+00      0.00000000D+00     -0.38047876D+00      0.11795123D-01      0.00000000D+00
       0.00000000D+00      0.00000000D+00      0.00000000D+00      0.00000000D+00      0.00000000D+00
       0.00000000D+00      0.00000000D+00      0.00000000D+00      0.00000000D+00      0.00000000D+00
       0.00000000D+00      0.00000000D+00      0.00000000D+00      0.00000000D+00      0.00000000D+00
       0.00000000D+00      0.00000000D+00      0.30809940D-02      0.17947049D+00      0.00000000D+00
       0.00000000D+00      0.00000000D+00      0.00000000D+00      0.00000000D+00      0.00000000D+00
       0.00000000D+00      0.00000000D+00      0.00000000D+00      0.00000000D+00      0.00000000D+00
       0.00000000D+00      0.00000000D+00      0.00000000D+00      0.00000000D+00      0.00000000D+00
       0.00000000D+00      0.00000000D+00     -0.69224927D-01      0.58464112D-02      0.26626846D-01
       0.62729462D+00      0.00000000D+00      0.00000000D+00      0.00000000D+00      0.00000000D+00
       0.00000000D+00      0.00000000D+00      0.00000000D+00      0.00000000D+00      0.00000000D+00
       0.00000000D+00      0.00000000D+00      0.00000000D+00      0.00000000D+00      0.00000000D+00
       0.00000000D+00      0.00000000D+00     -0.87184410D-16      0.82993831D-16     -0.10371161D-14
      -0.18361677D-14      0.00000000D+00      0.00000000D+00      0.00000000D+00      0.00000000D+00
       0.00000000D+00      0.00000000D+00      0.00000000D+00      0.00000000D+00      0.00000000D+00
       0.00000000D+00      0.00000000D+00      0.00000000D+00      0.00000000D+00      0.00000000D+00
       0.00000000D+00      0.00000000D+00     -0.38047876D+00      0.11795123D-01      0.00000000D+00
       0.00000000D+00      0.00000000D+00      0.00000000D+00      0.00000000D+00      0.00000000D+00
       0.00000000D+00      0.00000000D+00      0.00000000D+00      0.00000000D+00      0.00000000D+00
       0.00000000D+00      0.00000000D+00      0.00000000D+00      0.00000000D+00      0.00000000D+00
       0.00000000D+00      0.00000000D+00      0.30809940D-02      0.17947049D+00      0.00000000D+00
       0.00000000D+00      0.00000000D+00      0.00000000D+00      0.00000000D+00      0.00000000D+00
       0.00000000D+00      0.00000000D+00      0.00000000D+00      0.00000000D+00      0.00000000D+00
       0.00000000D+00      0.00000000D+00      0.00000000D+00      0.00000000D+00      0.00000000D+00
       0.00000000D+00      0.00000000D+00     -0.69224927D-01      0.58464112D-02      0.26626846D-01
       0.62729462D+00      0.00000000D+00      0.00000000D+00      0.00000000D+00      0.00000000D+00
       0.00000000D+00      0.00000000D+00      0.00000000D+00      0.00000000D+00      0.00000000D+00
       0.00000000D+00      0.00000000D+00      0.00000000D+00      0.00000000D+00      0.00000000D+00
       0.00000000D+00      0.00000000D+00     -0.87184410D-16      0.82993831D-16     -0.10371161D-14
      -0.18361677D-14      0.00000000D+00      0.00000000D+00      0.00000000D+00      0.00000000D+00
       0.00000000D+00      0.00000000D+00      0.00000000D+00      0.00000000D+00      0.00000000D+00
       0.00000000D+00      0.00000000D+00      0.00000000D+00      0.00000000D+00      0.00000000D+00
       0.00000000D+00      0.00000000D+00      0.28997208D+00      0.36597811D+00      0.37234641D+00
       0.45775686D+00      0.54582613D+00      0.69506485D+00      0.98013185D+00      0.10163396D+01
       0.10312113D+01      0.10835354D+01      0.11389240D+01      0.11622123D+01
