#  Energy(eV)  Intensity  
1.5       0.547939733477 
 1.535       0.590557610707 
 1.57       0.645934922789 
 1.605       0.71695154662 
 1.64       0.806939192576 
 1.675       0.91923509497 
 1.71       1.05599871128 
 1.745       1.21571765809 
 1.78       1.38904295295 
 1.815       1.5541958394 
 1.85       1.67686379202 
 1.885       1.72150129657 
 1.92       1.67190366368 
 1.955       1.54282881347 
 1.99       1.36932463429 
 2.025       1.18607623525 
 2.06       1.01547316221 
 2.095       0.867306261477 
 2.13       0.743291101951 
 2.165       0.641302696765 
 2.2       0.557946033634 
 2.235       0.489787085095 
 2.27       0.433822207761 
 2.305       0.387587220736 
 2.34       0.349121148591 
 2.375       0.316884799574 
 2.41       0.28967572842 
 2.445       0.266554183109 
 2.48       0.246783272106 
 2.515       0.229782317767 
 2.55       0.215091114015 
 2.585       0.202342744607 
 2.62       0.191242952481 
 2.655       0.181554461857 
 2.69       0.173085027534 
 2.725       0.16567828908 
 2.76       0.159206742178 
 2.795       0.153566316196 
 2.83       0.148672178767 
 2.865       0.144455485721 
 2.9       0.140860867074 
 2.935       0.137844493616 
 2.97       0.135372609075 
 3.005       0.133420443557 
 3.04       0.131971447815 
 3.075       0.131016806846 
 3.11       0.130555207093 
 3.145       0.130592845233 
 3.18       0.131143679437 
 3.215       0.132229936835 
 3.25       0.133882904944 
 3.285       0.136144050903 
 3.32       0.139066531952 
 3.355       0.142717185254 
 3.39       0.147179117133 
 3.425       0.152555053885 
 3.46       0.158971672524 
 3.495       0.166585205346 
 3.53       0.175588714149 
 3.565       0.186221567434 
 3.6       0.198781838375 
 3.635       0.21364258531 
 3.67       0.231273290212 
 3.705       0.252268112167 
 3.74       0.277383022921 
 3.775       0.307584195003 
 3.81       0.344109843481 
 3.845       0.388546183636 
 3.88       0.442913188373 
 3.915       0.509742860956 
 3.95       0.592102382971 
 3.985       0.693449329784 
 4.02       0.817081031161 
 4.055       0.964745718438 
 4.09       1.13383045016 
 4.125       1.31292876606 
 4.16       1.47760086466 
 4.195       1.59201719135 
 4.23       1.62276480308 
 4.265       1.55943244012 
 4.3       1.42221203321 
 4.335       1.24763745062 
 4.37       1.06852918161 
 4.405       0.904610480095 
 4.44       0.763726634745 
 4.475       0.646577172013 
 4.51       0.550651013506 
 4.545       0.472490890265 
 4.58       0.408734639664 
 4.615       0.356489886125 
 4.65       0.313402675945 
 4.685       0.277607107159 
 4.72       0.24764116685 
 4.755       0.222363236328 
 4.79       0.200880783586 
 4.825       0.182493265779 
 4.86       0.16664780715 
 4.895       0.152905300177 
 4.93       0.140914634321 
 4.965       0.130393121806 
 